**** Reading input matrix: /scratch2/scratchdirs/azad/symmetric/dielFilterV3real.mtx ******* 
Matrix is Float
Matrix is symmetric
Total number of nonzeros expected across all processors is 45204422
File is 1581474573 bytes
Total number of entries read across all processors is 45204422
As a whole: 1102824 rows and 1102824 columns and 89306020 nonzeros
Reader took 61.9718 seconds
Performing random permuation of matrix.
Performed random permuation of matrix.
Threading activated with 1 threads, and matrix split into 1 parts
 #####################################################
 ################## Run 1 ############################
 #####################################################
=======================================================
@@@@@@ Number of processes: 1
=======================================================
It   |  UMRow   |  UMCol   |  newlyMatched   |  Time 
=======================================================
Creating a new MPI data type for 11VertexType1
  1    1102824    1102824      61879           1.845232
  2    1040945    1040945      61879           1.768743
  3     979066     979066      61879           1.704171
  4     917187     917187      50713           1.669996
  5     866474     866474      50787           1.576201
  6     815687     815687      50367           1.542130
  7     765320     765320      49683           1.472022
  8     715637     715637      48941           1.405326
  9     666696     666696      48064           1.363832
 10     618632     618632      47775           1.293965
 11     570857     570857      46090           1.226188
 12     524767     524767      44281           1.177238
 13     480486     480486      42815           1.152085
 14     437671     437671      41678           1.053311
 15     395993     395993      39995           0.999042
 16     355998     355998      38616           0.948778
 17     317382     317382      36480           0.895974
 18     280902     280902      34078           0.832324
 19     246824     246824      31698           0.788553
 20     215126     215126      29127           0.740832
 21     185999     185999      26316           0.679790
 22     159683     159683      23721           0.629464
 23     135962     135962      21497           0.576441
 24     114465     114465      19822           0.525845
 25      94643      94643      18104           0.474051
 26      76539      76539      16364           0.413933
 27      60175      60175      14412           0.364697
 28      45763      45763      12155           0.313194
 29      33608      33582       9682           0.271900
 30      23926      23469       6853           0.213059
 31      17073      12645       3169           0.129727
 32      13904       1973        509           0.030214
 33      13395        144         58           0.006174
 34      13337          9          3           0.003444
==========================================================

================individual timings =======================
     SpMV      Update-Match   Update-UMC    Total 
==========================================================
     1.35519      0.27869      0.21135      1.84523 
     1.28678      0.26579      0.21618      1.76874 
     1.26176      0.24526      0.19715      1.70417 
     1.23820      0.22772      0.20407      1.67000 
     1.17544      0.21487      0.18589      1.57620 
     1.15462      0.20302      0.18448      1.54213 
     1.10010      0.18993      0.18200      1.47202 
     1.03942      0.17737      0.18854      1.40533 
     0.99890      0.17033      0.19460      1.36383 
     0.96519      0.15369      0.17509      1.29397 
     0.91138      0.14201      0.17280      1.22619 
     0.87447      0.13434      0.16844      1.17724 
     0.86237      0.12204      0.16768      1.15209 
     0.78069      0.11000      0.16262      1.05331 
     0.73622      0.10225      0.16057      0.99904 
     0.69809      0.08924      0.16145      0.94878 
     0.66108      0.07993      0.15496      0.89597 
     0.61382      0.07085      0.14766      0.83232 
     0.57965      0.06274      0.14616      0.78855 
     0.54740      0.05416      0.13927      0.74083 
     0.49978      0.04666      0.13335      0.67979 
     0.46202      0.04081      0.12663      0.62946 
     0.42062      0.03459      0.12123      0.57644 
     0.38127      0.02869      0.11589      0.52585 
     0.33997      0.02360      0.11048      0.47405 
     0.29032      0.01889      0.10473      0.41393 
     0.25066      0.01439      0.09964      0.36470 
     0.21108      0.01038      0.09173      0.31319 
     0.18424      0.00676      0.08090      0.27190 
     0.14450      0.00375      0.06481      0.21306 
     0.09105      0.00145      0.03722      0.12973 
     0.02135      0.00024      0.00863      0.03021 
     0.00433      0.00005      0.00179      0.00617 
     0.00245      0.00001      0.00098      0.00344 
-------------------------------------------------------
    22.14440      3.32451      4.61896     30.08788 
matrix  nprocesses nthreads ncores algorithm Unmatched-Rows  Cardinality Total Time***
/scratch2/scratchdirs/azad/symmetric/dielFilterV3real.mtx 1 1 1 DMD 13334    1089490     30.087876
-------------------------------------------------------

=======================================================
@@@@@@ Number of processes: 1
=======================================================
It   |  UMRow   |  UMCol   |  newlyMatched   |  Time 
=======================================================
  1    1102824    1102824      38121           1.794913
  2    1064703    1064703      38154           1.724362
  3    1026549    1026549      38152           1.682837
  4     988397     988397      38335           1.632693
  5     950062     950062      38306           1.612152
  6     911756     911756      38228           1.521824
  7     873528     873528      38185           1.441806
  8     835343     835343      38015           1.396567
  9     797328     797328      38007           1.427311
 10     759321     759321      37754           1.360094
 11     721567     721567      37592           1.243707
 12     683975     683975      37409           1.192443
 13     646566     646566      37245           1.165753
 14     609321     609321      36883           1.107327
 15     572438     572438      36638           1.051528
 16     535800     535799      36288           1.006700
 17     499512     499510         11           0.019558
 18     499501     499494      35845           0.945622
 19     463656     463649         14           0.015711
 20     463642     463629      35853           0.887995
 21     427789     427776         15           0.015666
 22     427774     427759      35666           0.835698
 23     392108     392093         24           0.014593
 24     392084     392060      35063           0.790157
 25     357021     356997         27           0.015997
 26     356994     356958          7           0.012411
 27     356987     356944      34796           0.753253
 28     322191     322143         69           0.017290
 29     322122     322056          6           0.011882
 30     322116     322044      34082           0.695231
 31     288034     287958        122           0.014874
 32     287912     287779         14           0.012032
 33     287898     287755      33606           0.651561
 34     254292     254133        185           0.014833
 35     254107     253867         35           0.012015
 36     254072     253810      32816           0.603958
 37     221256     220964        318           0.018146
 38     220938     220520         50           0.010914
 39     220888     220442      31952           0.557407
 40     188936     188443        394           0.018906
 41     188542     187868         77           0.011063
 42     188465     187759         20           0.009408
 43     188445     187732      30500           0.514309
 44     157945     157154        648           0.023746
 45     157297     156210        177           0.012659
 46     157120     155954         39           0.009333
 47     157081     155892          5           0.008647
 48     157076     155881      29175           0.469507
 49     127901     126598        868           0.027334
 50     127033     125305        233           0.013116
 51     126800     124961         48           0.009117
 52     126752     124885         14           0.008470
 53     126738     124867      26808           0.421167
 54      99930      97891       1251           0.035652
 55      98679      96007        343           0.015524
 56      98336      95481         80           0.009717
 57      98256      95353         23           0.008257
 58      98233      95314      23822           0.363038
 59      74411      71228       1764           0.046753
 60      72647      68543        589           0.020959
 61      72058      67661        177           0.011242
 62      71881      67363         60           0.008811
 63      71821      67267         17           0.007516
 64      71804      67241      20065           0.302813
 65      51739      46792       2312           0.058845
 66      49427      43146        846           0.027018
 67      48581      41828        305           0.013934
 68      48276      41348        111           0.008359
 69      48165      41181         53           0.006692
 70      48112      41108         12           0.005448
 71      48100      41090      14654           0.233376
 72      33446      25960       2588           0.066654
 73      30858      21720       1006           0.035566
 74      29852      20153        407           0.014997
 75      29445      19499        156           0.008535
 76      29289      19240         67           0.006049
 77      29222      19149         27           0.004753
 78      29195      19107         10           0.004049
 79      29185      19094       8099           0.142202
 80      21086      10648       1870           0.049219
 81      19216       7373        626           0.020596
 82      18590       6415        229           0.008954
 83      18361       6085         69           0.005047
 84      18292       5977         22           0.003954
 85      18270       5948       2998           0.064043
 86      15272       2865        789           0.023097
 87      14483       1438        163           0.007811
 88      14320       1191         36           0.004113
 89      14284       1139         11           0.003377
 90      14273       1118        673           0.019274
 91      13600        435        156           0.007732
 92      13444        165          9           0.003598
 93      13435        155        103           0.005770
 94      13332         51         30           0.003690
 95      13302          7          7           0.003072
==========================================================

================individual timings =======================
     SpMV      Update-Match   Update-UMC    Total 
==========================================================
     1.33680      0.27398      0.18414      1.79491 
     1.29589      0.26508      0.16340      1.72436 
     1.24267      0.25868      0.18148      1.68284 
     1.22482      0.24284      0.16503      1.63269 
     1.19346      0.24742      0.17127      1.61215 
     1.13164      0.22788      0.16230      1.52182 
     1.06637      0.21336      0.16208      1.44181 
     1.03041      0.20362      0.16254      1.39657 
     1.06394      0.20058      0.16279      1.42731 
     0.99890      0.19448      0.16671      1.36009 
     0.90728      0.17752      0.15890      1.24371 
     0.86614      0.16810      0.15820      1.19244 
     0.84504      0.16230      0.15842      1.16575 
     0.79691      0.15393      0.15648      1.10733 
     0.74869      0.14638      0.15646      1.05153 
     0.72164      0.13307      0.15198      1.00670 
     0.00692      0.00002      0.01261      0.01956 
     0.66986      0.12387      0.15189      0.94562 
     0.00476      0.00002      0.01093      0.01571 
     0.62184      0.11454      0.15162      0.88800 
     0.00465      0.00003      0.01099      0.01567 
     0.57983      0.10589      0.14998      0.83570 
     0.00476      0.00003      0.00980      0.01459 
     0.54327      0.09746      0.14943      0.79016 
     0.00453      0.00003      0.01144      0.01600 
     0.00358      0.00002      0.00881      0.01241 
     0.51636      0.08930      0.14759      0.75325 
     0.00743      0.00005      0.00981      0.01729 
     0.00360      0.00002      0.00827      0.01188 
     0.46734      0.08046      0.14743      0.69523 
     0.00521      0.00007      0.00960      0.01487 
     0.00361      0.00002      0.00840      0.01203 
     0.43174      0.07305      0.14677      0.65156 
     0.00531      0.00009      0.00943      0.01483 
     0.00386      0.00003      0.00812      0.01201 
     0.39541      0.06435      0.14420      0.60396 
     0.00587      0.00014      0.01214      0.01815 
     0.00402      0.00004      0.00686      0.01091 
     0.35949      0.05615      0.14176      0.55741 
     0.00650      0.00017      0.01223      0.01891 
     0.00394      0.00005      0.00708      0.01106 
     0.00353      0.00003      0.00585      0.00941 
     0.32592      0.04866      0.13973      0.51431 
     0.00805      0.00026      0.01544      0.02375 
     0.00466      0.00009      0.00791      0.01266 
     0.00360      0.00005      0.00569      0.00933 
     0.00328      0.00002      0.00535      0.00865 
     0.29276      0.04118      0.13557      0.46951 
     0.00984      0.00034      0.01714      0.02733 
     0.00485      0.00011      0.00815      0.01312 
     0.00373      0.00004      0.00535      0.00912 
     0.00335      0.00002      0.00510      0.00847 
     0.25822      0.03328      0.12967      0.42117 
     0.01321      0.00049      0.02195      0.03565 
     0.00584      0.00016      0.00952      0.01552 
     0.00374      0.00005      0.00593      0.00972 
     0.00334      0.00003      0.00489      0.00826 
     0.21292      0.02627      0.12385      0.36304 
     0.01649      0.00068      0.02958      0.04675 
     0.00824      0.00024      0.01248      0.02096 
     0.00451      0.00009      0.00665      0.01124 
     0.00367      0.00004      0.00510      0.00881 
     0.00320      0.00002      0.00429      0.00752 
     0.17396      0.01908      0.10977      0.30281 
     0.02249      0.00091      0.03544      0.05885 
     0.01049      0.00033      0.01619      0.02702 
     0.00585      0.00013      0.00795      0.01393 
     0.00392      0.00006      0.00438      0.00836 
     0.00331      0.00004      0.00334      0.00669 
     0.00281      0.00002      0.00262      0.00545 
     0.12978      0.01222      0.09137      0.23338 
     0.02737      0.00100      0.03828      0.06665 
     0.01758      0.00039      0.01759      0.03557 
     0.00668      0.00017      0.00815      0.01500 
     0.00438      0.00008      0.00408      0.00854 
     0.00332      0.00004      0.00268      0.00605 
     0.00289      0.00003      0.00184      0.00475 
     0.00245      0.00002      0.00158      0.00405 
     0.07654      0.00603      0.05963      0.14220 
     0.02085      0.00073      0.02764      0.04922 
     0.00889      0.00027      0.01144      0.02060 
     0.00492      0.00010      0.00393      0.00895 
     0.00314      0.00004      0.00186      0.00505 
     0.00251      0.00002      0.00143      0.00395 
     0.03148      0.00205      0.03051      0.06404 
     0.01065      0.00031      0.01213      0.02310 
     0.00412      0.00008      0.00362      0.00781 
     0.00278      0.00003      0.00130      0.00411 
     0.00231      0.00002      0.00105      0.00338 
     0.00866      0.00045      0.01016      0.01927 
     0.00441      0.00008      0.00325      0.00773 
     0.00261      0.00002      0.00097      0.00360 
     0.00326      0.00008      0.00243      0.00577 
     0.00253      0.00003      0.00114      0.00369 
     0.00213      0.00001      0.00092      0.00307 
-------------------------------------------------------
    22.94031      4.27212      5.33328     32.54571 
matrix  nprocesses nthreads ncores algorithm Unmatched-Rows  Cardinality Total Time***
/scratch2/scratchdirs/azad/symmetric/dielFilterV3real.mtx 1 1 1 Karp-Sipser-rand 13295    1089529     32.545706
-------------------------------------------------------

=======================================================
@@@@@@ Number of processes: 1
=======================================================
It   |  UMRow   |  UMCol   |  newlyMatched   |  Time 
=======================================================
  1    1102824    1102824      37945           1.636045
  2    1064879    1064879      38113           1.600649
  3    1026766    1026766      38370           1.519267
  4     988396     988396      38347           1.499580
  5     950049     950049      38415           1.428034
  6     911634     911634      38273           1.368510
  7     873361     873361      38102           1.311530
  8     835259     835259      38034           1.267490
  9     797225     797225      37950           1.209581
 10     759275     759275      37895           1.162288
 11     721380     721380      37453           1.108703
 12     683927     683927      37320           1.060472
 13     646607     646607      36954           1.022740
 14     609653     609653      36963           0.953379
 15     572690     572690      36709           0.906925
 16     535981     535981      36438           0.854905
 17     499543     499543      36143           0.792763
 18     463400     463400      35834           0.763133
 19     427566     427566      35482           0.707440
 20     392084     392084      35140           0.657902
 21     356944     356944      34494           0.601284
 22     322450     322450      34103           0.555974
 23     288347     288347      33641           0.512023
 24     254706     254706      32990           0.468415
 25     221716     221716      32160           0.422995
 26     189556     189556      30793           0.379970
 27     158763     158763      29513           0.338777
 28     129250     129250      27634           0.298937
 29     101616     101616      25108           0.260498
 30      76508      76508      21779           0.211659
 31      54729      54729      17341           0.175155
 32      37388      37388      11844           0.137946
 33      25544      25544       6488           0.104753
 34      19056      19056       2555           0.083684
 35      16501      16501        650           0.070982
 36      15851      15851         93           0.068531
 37      15758      15758          9           0.068156
 38      15749      15749          0           0.067324
==========================================================

================individual timings =======================
     SpMV      Update-Match   Update-UMC    Total 
==========================================================
     1.35334      0.27458      0.00812      1.63605 
     1.33056      0.26224      0.00785      1.60065 
     1.25947      0.25220      0.00759      1.51927 
     1.24112      0.25100      0.00746      1.49958 
     1.18628      0.23469      0.00707      1.42803 
     1.13712      0.22459      0.00680      1.36851 
     1.09133      0.21356      0.00664      1.31153 
     1.05571      0.20551      0.00627      1.26749 
     1.00783      0.19574      0.00601      1.20958 
     0.96776      0.18879      0.00575      1.16229 
     0.92539      0.17782      0.00549      1.10870 
     0.88500      0.17024      0.00523      1.06047 
     0.85801      0.15976      0.00497      1.02274 
     0.79778      0.15088      0.00472      0.95338 
     0.76016      0.14231      0.00445      0.90692 
     0.71567      0.13504      0.00420      0.85490 
     0.66555      0.12328      0.00393      0.79276 
     0.64450      0.11496      0.00367      0.76313 
     0.59819      0.10580      0.00344      0.70744 
     0.55700      0.09771      0.00319      0.65790 
     0.50767      0.09065      0.00296      0.60128 
     0.47261      0.08065      0.00271      0.55597 
     0.43675      0.07280      0.00247      0.51202 
     0.40118      0.06497      0.00227      0.46842 
     0.36361      0.05733      0.00205      0.42299 
     0.32961      0.04853      0.00183      0.37997 
     0.29535      0.04178      0.00165      0.33878 
     0.26347      0.03404      0.00143      0.29894 
     0.23219      0.02705      0.00125      0.26050 
     0.19013      0.02044      0.00109      0.21166 
     0.16016      0.01414      0.00086      0.17516 
     0.12893      0.00838      0.00063      0.13795 
     0.10035      0.00397      0.00044      0.10475 
     0.08199      0.00139      0.00031      0.08368 
     0.07038      0.00034      0.00027      0.07098 
     0.06820      0.00007      0.00026      0.06853 
     0.06786      0.00004      0.00026      0.06816 
     0.06703      0.00003      0.00026      0.06732 
-------------------------------------------------------
    23.27524      4.24732      0.13585     27.65840 
matrix  nprocesses nthreads ncores algorithm Unmatched-Rows  Cardinality Total Time***
/scratch2/scratchdirs/azad/symmetric/dielFilterV3real.mtx 1 1 1 Greedy-rand 15749    1087075     27.658398
-------------------------------------------------------

=======================================================
@@@@@@ Number of processes: 1
=======================================================
It   |  UMRow   |  UMCol   |  newlyMatched   |  Time 
=======================================================
  1    1102824    1102824      37864           1.816522
  2    1064960    1064960      42580           1.772199
  3    1022380    1022380      43945           1.667285
  4     978435     978435      43878           1.603912
  5     934557     934557      43856           1.598599
  6     890701     890701      43508           1.509620
  7     847193     847193      43305           1.446137
  8     803888     803888      43014           1.382821
  9     760874     760874      42759           1.323955
 10     718115     718115      42237           1.284779
 11     675878     675878      41972           1.214267
 12     633906     633906      41563           1.154824
 13     592343     592341      41036           1.120068
 14     551307     551303         15           0.020831
 15     551292     551279      40497           1.038736
 16     510795     510782      40113           0.984834
 17     470682     470667         24           0.017746
 18     470658     470630      39258           0.936888
 19     431400     431369         31           0.016406
 20     431369     431312      38895           0.882313
 21     392474     392415         68           0.016083
 22     392406     392299         10           0.012109
 23     392396     392271      38245           0.829776
 24     354151     354012        109           0.016354
 25     354042     353808         18           0.011722
 26     354024     353758      37365           0.772338
 27     316659     316377        188           0.018161
 28     316471     316044         40           0.011509
 29     316431     315927         10           0.010726
 30     316421     315897      36254           0.709216
 31     280167     279594        312           0.018120
 32     279855     278961         75           0.012048
 33     279780     278793         10           0.010544
 34     279770     278768      35549           0.658178
 35     244221     243137        445           0.019408
 36     243776     242174        115           0.012978
 37     243661     241917         29           0.010501
 38     243632     241846      34339           0.604698
 39     209293     207418        586           0.022461
 40     208707     206146        151           0.012095
 41     208556     205793         24           0.008864
 42     208532     205738          8           0.008416
 43     208524     205709      32850           0.554465
 44     175674     172714        867           0.028453
 45     174807     170886        285           0.014426
 46     174522     170258         56           0.009404
 47     174466     170122         17           0.008011
 48     174449     170083      30694           0.515240
 49     143755     139219       1226           0.038446
 50     142529     136522        402           0.017500
 51     142127     135640        136           0.010680
 52     141991     135385         35           0.008237
 53     141956     135297         12           0.007582
 54     141944     135273      28516           0.460678
 55     113428     106502       1495           0.043134
 56     111933     103373        531           0.020250
 57     111402     102289        167           0.010937
 58     111235     101917         40           0.007403
 59     111195     101820         11           0.006578
 60     111184     101794      25318           0.395717
 61      85866      76135       1850           0.050656
 62      84016      72493        684           0.023955
 63      83332      71217        235           0.011731
 64      83097      70797         79           0.007426
 65      83018      70651         30           0.006354
 66      82988      70590         10           0.005855
 67      82978      70568      21319           0.320697
 68      61659      48842       2166           0.058177
 69      59493      44736        823           0.026263
 70      58670      43293        290           0.012592
 71      58380      42781        106           0.007191
 72      58274      42592         36           0.005156
 73      58238      42528         11           0.004461
 74      58227      42512      15890           0.251217
 75      42337      26288       2140           0.056620
 76      40197      22484        744           0.022885
 77      39453      21244        258           0.010334
 78      39195      20820         87           0.006302
 79      39108      20679         38           0.004581
 80      39070      20621         10           0.003833
 81      39060      20609       9477           0.167604
 82      29583      10925       1527           0.042374
 83      28056       8265        437           0.016036
 84      27619       7599        121           0.006746
 85      27498       7412         37           0.004565
 86      27461       7363         12           0.003644
 87      27449       7344       4108           0.080736
 88      23341       3159        709           0.024316
 89      22632       1990        147           0.007051
 90      22485       1778         22           0.003810
 91      22463       1748       1127           0.031090
 92      21336        605        183           0.009011
 93      21153        312         23           0.003975
 94      21130        276          4           0.003239
 95      21126        266        176           0.007730
 96      20950         89         43           0.004283
 97      20907         24         16           0.003612
 98      20891          4          2           0.003035
==========================================================

================individual timings =======================
     SpMV      Update-Match   Update-UMC    Total 
==========================================================
     1.35998      0.27227      0.18427      1.81652 
     1.32579      0.26261      0.18380      1.77220 
     1.23858      0.25012      0.17858      1.66728 
     1.18411      0.23996      0.17984      1.60391 
     1.19153      0.23260      0.17448      1.59860 
     1.10938      0.22463      0.17561      1.50962 
     1.06144      0.20901      0.17568      1.44614 
     1.01134      0.19778      0.17370      1.38282 
     0.95804      0.18623      0.17968      1.32396 
     0.92305      0.17846      0.18327      1.28478 
     0.87662      0.16723      0.17042      1.21427 
     0.83008      0.15667      0.16808      1.15482 
     0.80346      0.15016      0.16645      1.12007 
     0.00684      0.00003      0.01396      0.02083 
     0.73254      0.13609      0.17010      1.03874 
     0.69015      0.12754      0.16715      0.98483 
     0.00410      0.00003      0.01361      0.01775 
     0.65568      0.11630      0.16491      0.93689 
     0.00431      0.00003      0.01206      0.01641 
     0.61391      0.10693      0.16148      0.88231 
     0.00411      0.00005      0.01192      0.01608 
     0.00321      0.00002      0.00888      0.01211 
     0.57081      0.09787      0.16109      0.82978 
     0.00451      0.00006      0.01179      0.01635 
     0.00334      0.00002      0.00836      0.01172 
     0.53030      0.09063      0.15140      0.77234 
     0.00759      0.00009      0.01048      0.01816 
     0.00340      0.00003      0.00808      0.01151 
     0.00313      0.00002      0.00757      0.01073 
     0.47818      0.08096      0.15008      0.70922 
     0.00581      0.00015      0.01216      0.01812 
     0.00359      0.00006      0.00840      0.01205 
     0.00311      0.00002      0.00741      0.01054 
     0.43851      0.07122      0.14845      0.65818 
     0.00679      0.00018      0.01243      0.01941 
     0.00410      0.00006      0.00882      0.01298 
     0.00346      0.00003      0.00701      0.01050 
     0.39624      0.06217      0.14629      0.60470 
     0.00800      0.00024      0.01423      0.02246 
     0.00450      0.00008      0.00751      0.01209 
     0.00333      0.00003      0.00550      0.00886 
     0.00316      0.00002      0.00524      0.00842 
     0.36044      0.05330      0.14073      0.55447 
     0.01036      0.00034      0.01776      0.02845 
     0.00555      0.00012      0.00876      0.01443 
     0.00372      0.00004      0.00564      0.00940 
     0.00320      0.00002      0.00479      0.00801 
     0.32554      0.04712      0.14258      0.51524 
     0.01490      0.00057      0.02298      0.03845 
     0.00702      0.00017      0.01032      0.01750 
     0.00436      0.00007      0.00625      0.01068 
     0.00344      0.00005      0.00475      0.00824 
     0.00322      0.00004      0.00432      0.00758 
     0.29095      0.03750      0.13223      0.46068 
     0.01706      0.00057      0.02550      0.04313 
     0.00833      0.00021      0.01171      0.02025 
     0.00495      0.00008      0.00591      0.01094 
     0.00341      0.00003      0.00396      0.00740 
     0.00302      0.00002      0.00354      0.00658 
     0.24386      0.02920      0.12265      0.39572 
     0.02020      0.00071      0.02975      0.05066 
     0.00978      0.00027      0.01391      0.02396 
     0.00526      0.00010      0.00636      0.01173 
     0.00374      0.00005      0.00363      0.00743 
     0.00304      0.00003      0.00328      0.00635 
     0.00283      0.00002      0.00301      0.00586 
     0.19070      0.02203      0.10797      0.32070 
     0.02459      0.00083      0.03276      0.05818 
     0.01108      0.00032      0.01486      0.02626 
     0.00576      0.00012      0.00671      0.01259 
     0.00383      0.00005      0.00330      0.00719 
     0.00299      0.00003      0.00214      0.00516 
     0.00263      0.00002      0.00182      0.00446 
     0.14374      0.01469      0.09278      0.25122 
     0.02416      0.00084      0.03161      0.05662 
     0.01129      0.00029      0.01131      0.02289 
     0.00529      0.00012      0.00493      0.01033 
     0.00344      0.00005      0.00282      0.00630 
     0.00280      0.00003      0.00176      0.00458 
     0.00237      0.00002      0.00144      0.00383 
     0.09290      0.00798      0.06673      0.16760 
     0.01992      0.00061      0.02185      0.04237 
     0.00763      0.00018      0.00823      0.01604 
     0.00398      0.00006      0.00271      0.00675 
     0.00277      0.00003      0.00177      0.00457 
     0.00243      0.00002      0.00120      0.00364 
     0.04317      0.00316      0.03440      0.08074 
     0.01102      0.00028      0.01302      0.02432 
     0.00413      0.00007      0.00285      0.00705 
     0.00262      0.00003      0.00117      0.00381 
     0.01433      0.00086      0.01590      0.03109 
     0.00498      0.00008      0.00395      0.00901 
     0.00271      0.00004      0.00123      0.00398 
     0.00227      0.00001      0.00096      0.00324 
     0.00402      0.00013      0.00358      0.00773 
     0.00278      0.00003      0.00148      0.00428 
     0.00243      0.00002      0.00115      0.00361 
     0.00214      0.00001      0.00088      0.00303 
-------------------------------------------------------
    21.08917      3.84238      5.14377     30.07533 
matrix  nprocesses nthreads ncores algorithm Unmatched-Rows  Cardinality Total Time***
/scratch2/scratchdirs/azad/symmetric/dielFilterV3real.mtx 1 1 1 Karp-Sipser 20889    1081935     30.075330
-------------------------------------------------------

=======================================================
@@@@@@ Number of processes: 1
=======================================================
It   |  UMRow   |  UMCol   |  newlyMatched   |  Time 
=======================================================
  1    1102824    1102824      37864           1.640939
  2    1064960    1064960      42580           1.580958
  3    1022380    1022380      43945           1.529099
  4     978435     978435      43878           1.476937
  5     934557     934557      43856           1.398454
  6     890701     890701      43508           1.337222
  7     847193     847193      43305           1.287982
  8     803888     803888      43014           1.237230
  9     760874     760874      42759           1.172958
 10     718115     718115      42237           1.119015
 11     675878     675878      41972           1.064333
 12     633906     633906      41563           0.999837
 13     592343     592343      41036           0.941676
 14     551307     551307      40497           0.882064
 15     510810     510810      40113           0.819029
 16     470697     470697      39262           0.768990
 17     431435     431435      38905           0.714202
 18     392530     392530      38263           0.662979
 19     354267     354267      37404           0.612275
 20     316863     316863      36343           0.563983
 21     280520     280520      35698           0.515945
 22     244822     244822      34628           0.489044
 23     210194     210194      33290           0.435767
 24     176904     176904      31446           0.375983
 25     145458     145458      29710           0.329213
 26     115748     115748      27038           0.288067
 27      88710      88710      23599           0.249333
 28      65111      65111      18851           0.200426
 29      46260      46260      12815           0.158459
 30      33445      33445       6871           0.123263
 31      26574      26574       2644           0.096070
 32      23930      23930        647           0.083723
 33      23283      23283        101           0.078722
 34      23182      23182         12           0.078083
 35      23170      23170          1           0.078584
 36      23169      23169          0           0.079117
==========================================================

================individual timings =======================
     SpMV      Update-Match   Update-UMC    Total 
==========================================================
     1.36011      0.27228      0.00855      1.64094 
     1.31064      0.26227      0.00804      1.58096 
     1.27080      0.25050      0.00780      1.52910 
     1.23024      0.23926      0.00744      1.47694 
     1.16235      0.22893      0.00718      1.39845 
     1.11105      0.21928      0.00689      1.33722 
     1.07305      0.20837      0.00656      1.28798 
     1.02784      0.20314      0.00626      1.23723 
     0.97701      0.19006      0.00589      1.17296 
     0.93099      0.18245      0.00557      1.11902 
     0.88710      0.17193      0.00531      1.06433 
     0.83666      0.15822      0.00495      0.99984 
     0.78905      0.14799      0.00464      0.94168 
     0.73928      0.13844      0.00434      0.88206 
     0.68867      0.12633      0.00403      0.81903 
     0.64862      0.11666      0.00371      0.76899 
     0.60404      0.10672      0.00344      0.71420 
     0.56198      0.09788      0.00312      0.66298 
     0.52026      0.08916      0.00285      0.61227 
     0.48137      0.08005      0.00256      0.56398 
     0.44080      0.07280      0.00235      0.51595 
     0.42150      0.06539      0.00216      0.48904 
     0.37765      0.05623      0.00189      0.43577 
     0.32799      0.04653      0.00147      0.37598 
     0.28963      0.03835      0.00123      0.32921 
     0.25630      0.03076      0.00101      0.28807 
     0.22477      0.02374      0.00082      0.24933 
     0.18293      0.01685      0.00064      0.20043 
     0.14788      0.01010      0.00048      0.15846 
     0.11822      0.00471      0.00033      0.12326 
     0.09424      0.00157      0.00026      0.09607 
     0.08316      0.00034      0.00022      0.08372 
     0.07843      0.00008      0.00021      0.07872 
     0.07783      0.00004      0.00021      0.07808 
     0.07834      0.00003      0.00021      0.07858 
     0.07888      0.00003      0.00021      0.07912 
-------------------------------------------------------
    21.48967      3.85746      0.12283     25.46996 
matrix  nprocesses nthreads ncores algorithm Unmatched-Rows  Cardinality Total Time***
/scratch2/scratchdirs/azad/symmetric/dielFilterV3real.mtx 1 1 1 Greedy 23169    1079655     25.469960
-------------------------------------------------------

 #####################################################
 ################## Run 2 ############################
 #####################################################
=======================================================
@@@@@@ Number of processes: 1
=======================================================
It   |  UMRow   |  UMCol   |  newlyMatched   |  Time 
=======================================================
  1    1102824    1102824      61879           1.823613
  2    1040945    1040945      61879           1.767771
  3     979066     979066      61879           1.702654
  4     917187     917187      50713           1.651060
  5     866474     866474      50787           1.584799
  6     815687     815687      50367           1.526291
  7     765320     765320      49683           1.461324
  8     715637     715637      48941           1.405491
  9     666696     666696      48064           1.367589
 10     618632     618632      47775           1.291482
 11     570857     570857      46090           1.225129
 12     524767     524767      44281           1.162266
 13     480486     480486      42815           1.105747
 14     437671     437671      41678           1.067591
 15     395993     395993      39995           1.010843
 16     355998     355998      38616           0.972359
 17     317382     317382      36480           0.894649
 18     280902     280902      34078           0.834849
 19     246824     246824      31698           0.788777
 20     215126     215126      29127           0.744122
 21     185999     185999      26316           0.679643
 22     159683     159683      23721           0.628458
 23     135962     135962      21497           0.576982
 24     114465     114465      19822           0.526532
 25      94643      94643      18104           0.473618
 26      76539      76539      16364           0.414002
 27      60175      60175      14412           0.364415
 28      45763      45763      12155           0.314137
 29      33608      33582       9682           0.271887
 30      23926      23469       6853           0.213177
 31      17073      12645       3169           0.129360
 32      13904       1973        509           0.030210
