**** Reading input matrix: /scratch2/scratchdirs/azad/symmetric/coPapersDBLP.mtx ******* 
Matrix is Boolean
Matrix is symmetric
Total number of nonzeros expected across all processors is 15245729
File is 200648163 bytes
Total number of entries read across all processors is 15245729
As a whole: 540486 rows and 540486 columns and 30491458 nonzeros
Reader took 1.11852 seconds
Performing random permuation of matrix.
Performed random permuation of matrix.
Threading activated with 12 threads, and matrix split into 12 parts
 #####################################################
 ################## Run 1 ############################
 #####################################################
=======================================================
@@@@@@ Number of processes: 324
=======================================================
It   |  UMRow   |  UMCol   |  newlyMatched   |  Time 
=======================================================
Creating a new MPI data type for 11VertexType1
  1     540486     540486     220097           0.030552
  2     320389     319969      86464           0.043346
  3     233925     233468      52829           0.021394
  4     181096     180600      38012           0.021277
  5     143084     142540      28696           0.019735
  6     114388     113801      21923           0.017269
  7      92465      91833      17327           0.018544
  8      75138      74435      13683           0.013758
  9      61455      60594      10942           0.015011
 10      50513      49355       8538           0.014362
 11      41975      40273       6745           0.028333
 12      35230      32441       5072           0.011384
 13      30158      25666       3571           0.011303
 14      26587      19910       2368           0.011403
 15      24219      14613       1390           0.010793
 16      22829       9472        637           0.010282
 17      22192       5075        280           0.011036
 18      21912       2195         98           0.009070
 19      21814       1031         49           0.009555
 20      21765        431         26           0.008105
 21      21739        366         14           0.007987
 22      21725        352         10           0.007232
 23      21715        182          5           0.029571
 24      21710        177         11           0.029701
 25      21699        166         10           0.030571
 26      21689        125          4           0.031033
 27      21685        121          4           0.031049
 28      21681        117          3           0.026999
 29      21678        114          2           0.032270
 30      21676        112          1           0.038103
 31      21675        111          1           0.040126
 32      21674        110          1           0.039791
 33      21673        109          1           0.006069
==========================================================

================individual timings =======================
     SpMV      Update-Match   Update-UMC    Total 
==========================================================
     0.00706      0.01516      0.00833      0.03055 
     0.00691      0.03311      0.00333      0.04335 
     0.00568      0.01351      0.00221      0.02139 
     0.00547      0.01374      0.00207      0.02128 
     0.00525      0.01264      0.00184      0.01974 
     0.00380      0.01165      0.00182      0.01727 
     0.00437      0.01143      0.00275      0.01854 
     0.00389      0.00843      0.00145      0.01376 
     0.00346      0.00852      0.00303      0.01501 
     0.00369      0.00760      0.00308      0.01436 
     0.00260      0.02400      0.00173      0.02833 
     0.00249      0.00767      0.00122      0.01138 
     0.00169      0.00781      0.00180      0.01130 
     0.00180      0.00857      0.00103      0.01140 
     0.00138      0.00804      0.00137      0.01079 
     0.00155      0.00768      0.00105      0.01028 
     0.00193      0.00811      0.00099      0.01104 
     0.00202      0.00546      0.00159      0.00907 
     0.00188      0.00623      0.00145      0.00956 
     0.00112      0.00604      0.00095      0.00811 
     0.00072      0.00607      0.00120      0.00799 
     0.00124      0.00521      0.00078      0.00723 
     0.00113      0.02740      0.00104      0.02957 
     0.00108      0.02770      0.00092      0.02970 
     0.00091      0.02842      0.00123      0.03057 
     0.00059      0.02926      0.00119      0.03103 
     0.00161      0.02832      0.00113      0.03105 
     0.00080      0.02272      0.00348      0.02700 
     0.00118      0.03031      0.00078      0.03227 
     0.00066      0.03637      0.00108      0.03810 
     0.00079      0.03853      0.00081      0.04013 
     0.00072      0.03843      0.00064      0.03979 
     0.00081      0.00431      0.00095      0.00607 
-------------------------------------------------------
     0.08027      0.54843      0.05832      0.68701 
matrix  nprocesses nthreads ncores algorithm Unmatched-Rows  Cardinality Total Time***
/scratch2/scratchdirs/azad/symmetric/coPapersDBLP.mtx 324 12 3888 DMD 21672    518814     0.687015
-------------------------------------------------------

=======================================================
@@@@@@ Number of processes: 324
=======================================================
It   |  UMRow   |  UMCol   |  newlyMatched   |  Time 
=======================================================
  1     540486     540486       8637           0.031337
  2     531849     531596        896           0.006849
  3     530953     530694         87           0.007623
  4     530866     530607         12           0.006206
  5     530854     530595      78763           0.022029
  6     452091     451056       4891           0.008849
  7     447200     445970       1548           0.007689
  8     445652     444395        175           0.028187
  9     445477     444210         26           0.026853
 10     445451     444184      53690           0.020410
 11     391761     390016       3441           0.009361
 12     388320     386288        963           0.028758
 13     387357     385186        111           0.007856
 14     387246     385064         18           0.006348
 15     387228     385046      41179           0.017511
 16     346049     343593       2637           0.026692
 17     343412     340648        684           0.029161
 18     342728     339825        101           0.007382
 19     342627     339706         11           0.005999
 20     342616     339695      33181           0.018567
 21     309435     306265       2165           0.008988
 22     307270     303741        494           0.027501
 23     306776     303107         71           0.027174
 24     306705     303018          8           0.005380
 25     306697     303008      28038           0.015289
 26     278659     274809       1824           0.009551
 27     276835     272599        392           0.030477
 28     276443     272064         44           0.007934
 29     276399     272007      23829           0.016408
 30     252570     248048       1515           0.009350
 31     251055     246171        333           0.029482
 32     250722     245714         46           0.007536
 33     250676     245652      20890           0.032212
 34     229786     224664       1397           0.009167
 35     228389     222947        275           0.029277
 36     228114     222581         34           0.007814
 37     228080     222544      18227           0.033642
 38     209853     204226       1216           0.010244
 39     208637     202642        211           0.030491
 40     208426     202345         37           0.027411
 41     208389     202295          7           0.004564
 42     208382     202285      16153           0.011065
 43     192229     186055       1134           0.024677
 44     191095     184576        196           0.028943
 45     190899     184291         26           0.024903
 46     190873     184258      14301           0.011406
 47     176572     169888        997           0.006395
 48     175575     168546        167           0.006875
 49     175408     168293         19           0.007973
 50     175389     168265      12880           0.010852
 51     162509     155335        886           0.005978
 52     161623     154142        150           0.029741
 53     161473     153923         37           0.007797
 54     161436     153875      11795           0.030300
 55     149641     142034        794           0.005805
 56     148847     140975        133           0.022927
 57     148714     140767         18           0.024377
 58     148696     140745      10597           0.010400
 59     138099     130108        739           0.005984
 60     137360     129071        105           0.005780
 61     137255     128911         19           0.004581
 62     137236     128886       9520           0.009150
 63     127716     119328        677           0.005661
 64     127039     118410        102           0.031957
 65     126937     118241       8628           0.028993
 66     118309     109585        625           0.006953
 67     117684     108699         98           0.026859
 68     117586     108541         12           0.005786
 69     117574     108528       8008           0.008960
 70     109566     100491        589           0.203348
 71     108977      99633         96           0.003869
 72     108881      99492         13           0.026767
 73     108868      99475       7202           0.011877
 74     101666      92253        525           0.006555
 75     101141      91497         63           0.027831
 76     101078      91398       6607           0.028351
 77      94471      84771        511           0.006271
 78      93960      84025         76           0.024469
 79      93884      83910       6119           0.010159
 80      87765      77780        447           0.005876
 81      87318      77155         58           0.005335
 82      87260      77072       5556           0.029058
 83      81704      71504        401           0.005537
 84      81303      70901         59           0.004631
 85      81244      70808       5193           0.026825
 86      76051      65593        397           0.005506
 87      75654      65015         61           0.005695
 88      75593      64925       4693           0.024633
 89      70900      60200        381           0.006057
 90      70519      59654         49           0.005446
 91      70470      59572       4409           0.027269
 92      66061      55139        310           0.026042
 93      65751      54689         39           0.004972
 94      65712      54633       4044           0.006007
 95      61668      50568        304           0.028277
 96      61364      50124         42           0.004933
 97      61322      50053          9           0.005310
 98      61313      50038       3727           0.006141
 99      57586      46297        286           0.006238
100      57300      45870         34           0.004502
101      57266      45816       3391           0.027028
102      53875      42418        265           0.023225
103      53610      42032         37           0.006231
104      53573      41972       3061           0.005840
105      50512      38896        216           0.026089
106      50296      38598         26           0.004341
107      50270      38550       2880           0.027041
108      47390      35667        196           0.005272
109      47194      35387         18           0.004358
110      47176      35361       2639           0.026382
111      44537      32708        216           0.027832
112      44321      32391         24           0.027086
113      44297      32352       2419           0.027856
114      41878      29932        184           0.027056
115      41694      29644         14           0.003712
116      41680      29626       2220           0.007985
117      39460      27397        163           0.004572
118      39297      27131         15           0.004784
119      39282      27103       2039           0.006644
120      37243      25064        170           0.004951
121      37073      24802         18           0.006561
122      37055      24768       1830           0.005448
123      35225      22937        131           0.004209
124      35094      22734         16           0.009090
125      35078      22708          3           0.023455
126      35075      22696       1712           0.007245
127      33363      20982        115           0.026843
128      33248      20803         11           0.005120
129      33237      20783       1604           0.011645
130      31633      19177        116           0.025502
131      31517      19014          7           0.024305
132      31510      19001       1463           0.025178
133      30047      17535        106           0.005009
134      29941      17393         10           0.026021
135      29931      17379       1353           0.026024
136      28578      16023         95           0.004718
137      28483      15883         11           0.025515
138      28472      15859       1244           0.005953
139      27228      14612         93           0.006880
140      27135      14487          9           0.004138
141      27126      14472       1139           0.028595
142      25987      13331         75           0.005390
143      25912      13225       1038           0.024002
144      24874      12186         61           0.004824
145      24813      12100        970           0.004683
146      23843      11124         55           0.026514
147      23788      11042        907           0.005574
148      22881      10133         65           0.026624
149      22816      10036        794           0.008823
150      22022       9242         57           0.003661
151      21965       9162        718           0.006095
152      21247       8444         38           0.004234
153      21209       8384        683           0.003752
154      20526       7700         59           0.003128
155      20467       7615        631           0.004146
156      19836       6983         38           0.003331
157      19798       6936        559           0.003329
158      19239       6377         37           0.004467
159      19202       6321        495           0.004200
160      18707       5826         25           0.008053
161      18682       5788        444           0.005365
162      18238       5344         28           0.003284
163      18210       5297        425           0.004802
164      17785       4871         24           0.003116
165      17761       4841        382           0.003024
166      17379       4459         32           0.003467
167      17347       4421        329           0.005205
168      17018       4092         23           0.003766
169      16995       4059        326           0.005721
170      16669       3732         23           0.004275
171      16646       3701        306           0.004784
172      16340       3395         15           0.008370
173      16325       3375        249           0.024418
174      16076       3126         15           0.006492
175      16061       3108        264           0.005129
176      15797       2844         13           0.004711
177      15784       2826        216           0.027380
178      15568       2610         14           0.023943
179      15554       2594        206           0.025194
180      15348       2388          8           0.002738
181      15340       2377        185           0.004204
182      15155       2192         14           0.003913
183      15141       2174        170           0.003409
184      14971       2004        147           0.003546
185      14824       1856        159           0.023805
186      14665       1697         16           0.003546
187      14649       1678        138           0.002942
188      14511       1540        126           0.003757
189      14385       1412         13           0.027749
190      14372       1399         96           0.004302
191      14276       1303         98           0.005898
192      14178       1205         10           0.006862
193      14168       1194         80           0.003392
194      14088       1114         70           0.005695
195      14018       1044         77           0.009440
196      13941        966          8           0.003578
197      13933        955         69           0.004173
198      13864        886         65           0.003421
199      13799        821          7           0.027347
200      13792        811         63           0.022077
201      13729        748         59           0.005630
202      13670        689         43           0.007757
203      13627        646         48           0.005078
204      13579        598         39           0.023492
205      13540        559          9           0.003052
206      13531        546         43           0.003256
207      13488        503         30           0.026972
208      13458        473         30           0.025046
209      13428        443         28           0.023865
210      13400        415         26           0.023428
211      13374        389         22           0.003433
212      13352        367          6           0.003381
213      13346        357         28           0.003631
214      13318        329         27           0.021786
215      13291        302         18           0.023839
216      13273        284         17           0.004565
217      13256        266         17           0.005636
218      13239        249         16           0.004266
219      13223        233         14           0.004547
220      13209        219         10           0.005515
221      13199        209          8           0.026223
222      13191        201          7           0.003715
223      13184        194          9           0.025253
224      13175        185          5           0.023644
225      13170        180          6           0.021842
226      13164        174          4           0.003571
227      13160        170          5           0.003114
228      13155        164          5           0.004153
229      13150        159          3           0.022975
230      13147        156          5           0.003029
231      13142        151          6           0.003559
232      13136        145          5           0.004428
233      13131        140          5           0.024431
234      13126        135          5           0.003637
235      13121        130          5           0.004121
236      13116        125          3           0.022951
237      13113        122          5           0.004919
238      13108        117          4           0.022947
239      13104        113          4           0.026929
240      13100        109          7           0.024592
241      13093        102          5           0.023749
242      13088         97          5           0.042068
243      13083         92          3           0.025240
244      13080         89          6           0.003003
245      13074         83          3           0.028482
246      13071         80          4           0.002533
247      13067         76          3           0.038648
248      13064         73          5           0.043755
249      13059         68          4           0.039659
250      13055         64          4           0.003710
251      13051         60          5           0.070514
252      13046         55          2           0.003102
253      13044         53          4           0.047800
254      13040         49          2           0.022614
255      13038         47          4           0.004191
256      13034         43          2           0.027280
257      13032         41          2           0.025622
258      13030         39          3           0.020529
259      13027         36          2           0.022706
260      13025         34          1           0.021764
261      13024         33          1           0.037001
262      13023         32          1           0.040637
263      13022         31          1           0.003076
264      13021         30          1           0.028812
265      13020         29          1           0.004075
266      13019         28          1           0.047358
267      13018         27          1           0.003434
268      13017         26          1           0.003784
269      13016         25          2           0.003062
270      13014         23          2           0.005767
271      13012         21          1           0.003327
272      13011         20          2           0.002573
273      13009         18          1           0.002719
274      13008         17          1           0.003305
275      13007         16          1           0.004007
276      13006         15          1           0.002915
277      13005         14          3           0.003794
278      13002         11          1           0.002896
279      13001         10          1           0.005322
280      13000          9          1           0.003149
281      12999          8          1           0.005361
282      12998          7          1           0.004695
283      12997          6          1           0.004989
284      12996          5          1           0.005408
285      12995          4          1           0.006864
286      12994          3          1           0.003722
287      12993          2          2           0.004958
==========================================================

================individual timings =======================
     SpMV      Update-Match   Update-UMC    Total 
==========================================================
     0.00153      0.02822      0.00159      0.03134 
     0.00080      0.00529      0.00075      0.00685 
     0.00123      0.00474      0.00166      0.00762 
     0.00084      0.00395      0.00142      0.00621 
     0.00649      0.01118      0.00436      0.02203 
     0.00154      0.00588      0.00143      0.00885 
     0.00122      0.00543      0.00104      0.00769 
     0.00178      0.02564      0.00076      0.02819 
     0.00104      0.02496      0.00085      0.02685 
     0.00699      0.01150      0.00192      0.02041 
     0.00115      0.00685      0.00136      0.00936 
     0.00136      0.02520      0.00220      0.02876 
     0.00103      0.00587      0.00096      0.00786 
     0.00079      0.00448      0.00108      0.00635 
     0.00580      0.00989      0.00183      0.01751 
     0.00129      0.02386      0.00154      0.02669 
     0.00183      0.00489      0.02244      0.02916 
     0.00096      0.00541      0.00101      0.00738 
     0.00076      0.00456      0.00069      0.00600 
     0.00559      0.01132      0.00165      0.01857 
     0.00091      0.00679      0.00128      0.00899 
     0.00131      0.02519      0.00100      0.02750 
     0.00109      0.02492      0.00116      0.02717 
     0.00057      0.00389      0.00092      0.00538 
     0.00466      0.00882      0.00182      0.01529 
     0.00147      0.00645      0.00164      0.00955 
     0.00193      0.02698      0.00157      0.03048 
     0.00188      0.00464      0.00142      0.00793 
     0.00621      0.00895      0.00124      0.01641 
     0.00161      0.00641      0.00133      0.00935 
     0.00138      0.02722      0.00088      0.02948 
     0.00120      0.00510      0.00124      0.00754 
     0.00521      0.02559      0.00141      0.03221 
     0.00100      0.00717      0.00100      0.00917 
     0.00129      0.02713      0.00085      0.02928 
     0.00154      0.00557      0.00070      0.00781 
     0.00472      0.02618      0.00274      0.03364 
     0.00181      0.00632      0.00211      0.01024 
     0.00200      0.02764      0.00086      0.03049 
     0.00116      0.02492      0.00134      0.02741 
     0.00052      0.00344      0.00060      0.00456 
     0.00449      0.00518      0.00140      0.01107 
     0.00123      0.02207      0.00138      0.02468 
     0.00124      0.02716      0.00054      0.02894 
     0.00046      0.02379      0.00065      0.02490 
     0.00381      0.00556      0.00203      0.01141 
     0.00114      0.00362      0.00164      0.00640 
     0.00184      0.00414      0.00089      0.00688 
     0.00447      0.00305      0.00045      0.00797 
     0.00470      0.00507      0.00108      0.01085 
     0.00069      0.00413      0.00116      0.00598 
     0.00269      0.02574      0.00130      0.02974 
     0.00101      0.00611      0.00068      0.00780 
     0.00437      0.02452      0.00141      0.03030 
     0.00071      0.00411      0.00099      0.00581 
     0.00102      0.00356      0.01835      0.02293 
     0.00051      0.02338      0.00048      0.02438 
     0.00348      0.00598      0.00094      0.01040 
     0.00069      0.00424      0.00105      0.00598 
     0.00138      0.00353      0.00087      0.00578 
     0.00072      0.00323      0.00064      0.00458 
     0.00301      0.00522      0.00092      0.00915 
     0.00104      0.00367      0.00095      0.00566 
     0.00154      0.02926      0.00115      0.03196 
     0.00415      0.02374      0.00110      0.02899 
     0.00142      0.00430      0.00123      0.00695 
     0.00130      0.02473      0.00083      0.02686 
     0.00105      0.00414      0.00060      0.00579 
     0.00391      0.00413      0.00092      0.00896 
     0.00094      0.20116      0.00125      0.20335 
     0.00093      0.00248      0.00046      0.00387 
     0.02029      0.00597      0.00051      0.02677 
     0.00236      0.00864      0.00087      0.01188 
     0.00184      0.00367      0.00104      0.00656 
     0.00109      0.02611      0.00063      0.02783 
     0.00264      0.02490      0.00081      0.02835 
     0.00052      0.00396      0.00179      0.00627 
     0.00086      0.00315      0.02046      0.02447 
     0.00356      0.00507      0.00152      0.01016 
     0.00089      0.00387      0.00111      0.00588 
     0.00128      0.00340      0.00066      0.00534 
     0.00249      0.02544      0.00113      0.02906 
     0.00089      0.00351      0.00114      0.00554 
     0.00096      0.00280      0.00088      0.00463 
     0.00242      0.02322      0.00118      0.02682 
     0.00072      0.00374      0.00104      0.00551 
     0.00146      0.00383      0.00041      0.00569 
     0.01994      0.00400      0.00069      0.02463 
     0.00065      0.00408      0.00132      0.00606 
     0.00111      0.00339      0.00095      0.00545 
     0.00293      0.02336      0.00098      0.02727 
     0.00080      0.00391      0.02132      0.02604 
     0.00100      0.00309      0.00089      0.00497 
     0.00193      0.00295      0.00113      0.00601 
     0.00074      0.02667      0.00087      0.02828 
     0.00108      0.00283      0.00102      0.00493 
     0.00181      0.00299      0.00051      0.00531 
     0.00194      0.00358      0.00062      0.00614 
     0.00089      0.00433      0.00102      0.00624 
     0.00117      0.00256      0.00077      0.00450 
     0.00300      0.02330      0.00073      0.02703 
     0.00222      0.02007      0.00093      0.02323 
     0.00135      0.00448      0.00039      0.00623 
     0.00114      0.00336      0.00134      0.00584 
     0.00160      0.00429      0.02020      0.02609 
     0.00088      0.00244      0.00101      0.00434 
     0.00141      0.02468      0.00095      0.02704 
     0.00079      0.00328      0.00121      0.00527 
     0.00082      0.00264      0.00090      0.00436 
     0.00127      0.02380      0.00131      0.02638 
     0.00126      0.02421      0.00236      0.02783 
     0.00159      0.02400      0.00150      0.02709 
     0.00204      0.02509      0.00073      0.02786 
     0.00046      0.02579      0.00080      0.02706 
     0.00053      0.00243      0.00075      0.00371 
     0.00139      0.00539      0.00121      0.00799 
     0.00050      0.00317      0.00090      0.00457 
     0.00151      0.00290      0.00038      0.00478 
     0.00126      0.00435      0.00104      0.00664 
     0.00063      0.00331      0.00101      0.00495 
     0.00219      0.00399      0.00038      0.00656 
     0.00138      0.00306      0.00101      0.00545 
     0.00072      0.00257      0.00092      0.00421 
     0.00394      0.00370      0.00145      0.00909 
     0.00077      0.02205      0.00064      0.02345 
     0.00210      0.00393      0.00122      0.00725 
     0.00128      0.00355      0.02202      0.02684 
     0.00099      0.00308      0.00106      0.00512 
     0.00787      0.00282      0.00096      0.01165 
     0.00107      0.00275      0.02168      0.02550 
     0.00114      0.02248      0.00069      0.02430 
     0.00141      0.02291      0.00086      0.02518 
     0.00054      0.00350      0.00098      0.00501 
     0.02191      0.00318      0.00093      0.02602 
     0.00168      0.02384      0.00050      0.02602 
     0.00045      0.00319      0.00108      0.00472 
     0.00394      0.02094      0.00064      0.02552 
     0.00167      0.00322      0.00106      0.00595 
     0.00072      0.00508      0.00108      0.00688 
     0.00091      0.00241      0.00082      0.00414 
     0.00166      0.02645      0.00048      0.02860 
     0.00086      0.00341      0.00112      0.00539 
     0.00102      0.02242      0.00056      0.02400 
     0.00049      0.00338      0.00096      0.00482 
     0.00117      0.00259      0.00092      0.00468 
     0.00067      0.02489      0.00095      0.02651 
     0.00099      0.00337      0.00122      0.00557 
     0.00089      0.00429      0.02145      0.02662 
     0.00188      0.00603      0.00092      0.00882 
     0.00076      0.00254      0.00036      0.00366 
     0.00078      0.00447      0.00084      0.00610 
     0.00044      0.00300      0.00080      0.00423 
     0.00120      0.00199      0.00056      0.00375 
     0.00064      0.00201      0.00048      0.00313 
     0.00063      0.00305      0.00046      0.00415 
     0.00045      0.00244      0.00044      0.00333 
     0.00062      0.00222      0.00050      0.00333 
     0.00065      0.00341      0.00040      0.00447 
     0.00104      0.00263      0.00053      0.00420 
     0.00420      0.00329      0.00056      0.00805 
     0.00193      0.00254      0.00090      0.00537 
     0.00052      0.00218      0.00058      0.00328 
     0.00142      0.00292      0.00045      0.00480 
     0.00055      0.00211      0.00046      0.00312 
     0.00076      0.00184      0.00043      0.00302 
     0.00049      0.00252      0.00045      0.00347 
     0.00158      0.00314      0.00048      0.00520 
     0.00100      0.00236      0.00041      0.00377 
     0.00088      0.00395      0.00089      0.00572 
     0.00043      0.00262      0.00123      0.00427 
     0.00125      0.00294      0.00060      0.00478 
     0.00206      0.00433      0.00198      0.00837 
     0.00169      0.02223      0.00049      0.02442 
     0.00217      0.00388      0.00044      0.00649 
     0.00074      0.00360      0.00078      0.00513 
     0.00063      0.00315      0.00093      0.00471 
     0.00232      0.02440      0.00067      0.02738 
     0.00049      0.00332      0.02013      0.02394 
     0.00096      0.02365      0.00058      0.02519 
     0.00038      0.00203      0.00033      0.00274 
     0.00116      0.00250      0.00055      0.00420 
     0.00056      0.00294      0.00041      0.00391 
     0.00067      0.00221      0.00053      0.00341 
     0.00058      0.00252      0.00045      0.00355 
     0.00053      0.02214      0.00114      0.02380 
     0.00103      0.00203      0.00048      0.00355 
     0.00056      0.00195      0.00043      0.00294 
     0.00101      0.00232      0.00043      0.00376 
     0.00057      0.02658      0.00061      0.02775 
     0.00074      0.00298      0.00058      0.00430 
     0.00169      0.00324      0.00097      0.00590 
     0.00130      0.00451      0.00105      0.00686 
     0.00094      0.00205      0.00041      0.00339 
     0.00042      0.00404      0.00123      0.00569 
     0.00159      0.00694      0.00091      0.00944 
     0.00037      0.00264      0.00056      0.00358 
     0.00059      0.00301      0.00057      0.00417 
     0.00043      0.00244      0.00055      0.00342 
     0.00059      0.02634      0.00041      0.02735 
     0.00077      0.02068      0.00063      0.02208 
     0.00071      0.00410      0.00082      0.00563 
     0.00074      0.00620      0.00081      0.00776 
     0.00094      0.00356      0.00058      0.00508 
     0.00132      0.02185      0.00033      0.02349 
     0.00053      0.00213      0.00039      0.00305 
     0.00052      0.00229      0.00044      0.00326 
     0.00048      0.02585      0.00064      0.02697 
     0.00062      0.02405      0.00037      0.02505 
     0.00050      0.00287      0.02050      0.02386 
     0.00075      0.02227      0.00040      0.02343 
     0.00064      0.00217      0.00063      0.00343 
     0.00066      0.00237      0.00034      0.00338 
     0.00056      0.00270      0.00037      0.00363 
     0.00049      0.02090      0.00040      0.02179 
     0.00050      0.00275      0.02059      0.02384 
     0.00081      0.00269      0.00106      0.00456 
     0.00067      0.00405      0.00091      0.00564 
     0.00071      0.00269      0.00086      0.00427 
     0.00086      0.00296      0.00073      0.00455 
     0.00099      0.00344      0.00108      0.00551 
     0.00049      0.02529      0.00045      0.02622 
     0.00064      0.00276      0.00031      0.00372 
     0.00146      0.02302      0.00077      0.02525 
     0.00084      0.00282      0.01998      0.02364 
     0.00070      0.00251      0.01863      0.02184 
     0.00042      0.00263      0.00053      0.00357 
     0.00053      0.00215      0.00043      0.00311 
     0.00078      0.00285      0.00052      0.00415 
     0.00052      0.02213      0.00032      0.02297 
     0.00051      0.00212      0.00040      0.00303 
     0.00049      0.00224      0.00083      0.00356 
     0.00072      0.00316      0.00054      0.00443 
     0.00056      0.00318      0.02070      0.02443 
     0.00112      0.00171      0.00080      0.00364 
     0.00059      0.00304      0.00049      0.00412 
     0.00051      0.02206      0.00038      0.02295 
     0.00045      0.00340      0.00107      0.00492 
     0.00060      0.02204      0.00031      0.02295 
     0.00042      0.02596      0.00055      0.02693 
     0.00050      0.00341      0.02068      0.02459 
     0.00143      0.00291      0.01941      0.02375 
     0.01638      0.02529      0.00040      0.04207 
     0.00045      0.00316      0.02163      0.02524 
     0.00046      0.00213      0.00041      0.00300 
     0.00045      0.02770      0.00033      0.02848 
     0.00038      0.00175      0.00040      0.00253 
     0.01476      0.00286      0.02102      0.03865 
     0.00050      0.04252      0.00074      0.04376 
     0.00080      0.03848      0.00038      0.03966 
     0.00084      0.00242      0.00045      0.00371 
     0.01891      0.05115      0.00046      0.07051 
     0.00039      0.00243      0.00028      0.00310 
     0.02179      0.02468      0.00133      0.04780 
     0.00140      0.00256      0.01865      0.02261 
     0.00066      0.00255      0.00097      0.00419 
     0.00127      0.02555      0.00045      0.02728 
     0.00050      0.00259      0.02254      0.02562 
     0.00115      0.00289      0.01649      0.02053 
     0.00079      0.00260      0.01931      0.02271 
     0.00062      0.00374      0.01740      0.02176 
     0.01694      0.00277      0.01729      0.03700 
     0.01689      0.00293      0.02081      0.04064 
     0.00071      0.00206      0.00031      0.00308 
     0.00060      0.02771      0.00049      0.02881 
     0.00053      0.00243      0.00111      0.00408 
     0.01763      0.02906      0.00067      0.04736 
     0.00068      0.00214      0.00061      0.00343 
     0.00058      0.00292      0.00028      0.00378 
     0.00046      0.00218      0.00042      0.00306 
     0.00097      0.00405      0.00074      0.00577 
     0.00060      0.00241      0.00032      0.00333 
     0.00044      0.00181      0.00032      0.00257 
     0.00041      0.00200      0.00031      0.00272 
     0.00043      0.00261      0.00027      0.00330 
     0.00126      0.00242      0.00032      0.00401 
     0.00040      0.00200      0.00051      0.00291 
     0.00040      0.00236      0.00103      0.00379 
     0.00051      0.00201      0.00037      0.00290 
     0.00065      0.00430      0.00037      0.00532 
     0.00053      0.00229      0.00033      0.00315 
     0.00039      0.00376      0.00121      0.00536 
     0.00067      0.00367      0.00035      0.00470 
     0.00200      0.00254      0.00045      0.00499 
     0.00039      0.00407      0.00094      0.00541 
     0.00145      0.00442      0.00100      0.00686 
     0.00069      0.00234      0.00069      0.00372 
     0.00159      0.00258      0.00079      0.00496 
-------------------------------------------------------
     0.54905      2.81154      0.72883      4.08942 
matrix  nprocesses nthreads ncores algorithm Unmatched-Rows  Cardinality Total Time***
/scratch2/scratchdirs/azad/symmetric/coPapersDBLP.mtx 324 12 3888 Karp-Sipser-rand 12991    527495     4.089416
-------------------------------------------------------

=======================================================
@@@@@@ Number of processes: 324
=======================================================
It   |  UMRow   |  UMCol   |  newlyMatched   |  Time 
=======================================================
  1     540486     540486      81209           0.016205
  2     459277     459277      58257           0.009662
  3     401020     401020      44854           0.009485
  4     356166     356166      36136           0.009989
  5     320030     320030      30285           0.008455
  6     289745     289745      25864           0.009650
  7     263881     263881      22474           0.008024
  8     241407     241407      19710           0.006964
  9     221697     221697      17759           0.007548
 10     203938     203938      15730           0.007206
 11     188208     188208      13966           0.006980
 12     174242     174242      12776           0.007381
 13     161466     161466      11594           0.006941
 14     149872     149872      10453           0.007324
 15     139419     139419       9484           0.007709
 16     129935     129935       8842           0.007292
 17     121093     121093       7985           0.007480
 18     113108     113108       7361           0.006357
 19     105747     105747       6818           0.007019
 20      98929      98929       6258           0.010805
 21      92671      92671       5707           0.008043
 22      86964      86964       5128           0.007039
 23      81836      81836       4808           0.007165
 24      77028      77028       4369           0.006311
 25      72659      72659       4112           0.007526
 26      68547      68547       3693           0.006499
 27      64854      64854       3411           0.005155
 28      61443      61443       3128           0.006834
 29      58315      58315       2841           0.005445
 30      55474      55474       2663           0.007082
 31      52811      52811       2312           0.006014
 32      50499      50499       2186           0.005982
 33      48313      48313       2028           0.004488
 34      46285      46285       1910           0.004554
 35      44375      44375       1724           0.004626
 36      42651      42651       1565           0.005031
 37      41086      41086       1398           0.004183
 38      39688      39688       1262           0.005157
 39      38426      38426       1172           0.004868
 40      37254      37254       1036           0.005655
 41      36218      36218        930           0.005387
 42      35288      35288        901           0.004445
 43      34387      34387        751           0.004278
