**** Reading input matrix: /scratch2/scratchdirs/azad/symmetric/hollywood-2009.mtx ******* 
Matrix is Boolean
Matrix is symmetric
Total number of nonzeros expected across all processors is 57515616
File is 808787923 bytes
Total number of entries read across all processors is 57515616
As a whole: 1139905 rows and 1139905 columns and 113891327 nonzeros
Reader took 8.97604 seconds
Performing random permuation of matrix.
Performed random permuation of matrix.
Threading activated with 12 threads, and matrix split into 12 parts
 #####################################################
 ################## Run 1 ############################
 #####################################################
=======================================================
@@@@@@ Number of processes: 9
=======================================================
It   |  UMRow   |  UMCol   |  newlyMatched   |  Time 
=======================================================
Creating a new MPI data type for 11VertexType1
  1    1139905    1139905     396888           0.094368
  2     743017     743016     219181           0.071052
  3     523836     523833     136612           0.060371
  4     387224     387221      93461           0.054793
  5     293763     293760      66673           0.046863
  6     227090     227087      48572           0.042646
  7     178518     178513      36086           0.037515
  8     142432     142427      27149           0.034930
  9     115283     115278      20674           0.031431
 10      94609      94603      15635           0.029609
 11      78974      78967      11990           0.028947
 12      66984      66975       9163           0.023093
 13      57821      57807       7031           0.021937
 14      50790      50776       5451           0.020150
 15      45339      45314       4322           0.018913
 16      41017      40875       3380           0.019195
 17      37637      36107       2478           0.017402
 18      35159      23646       1657           0.013814
 19      33502      19519       1167           0.011972
 20      32335      16646        889           0.010817
 21      31446      14702        699           0.009563
 22      30747      13672        569           0.009325
 23      30178      12648        483           0.008733
 24      29695      11746        411           0.009167
 25      29284      10966        356           0.010649
 26      28928      10162        302           0.008143
 27      28626       9196        278           0.007633
 28      28348       8623        239           0.007195
 29      28109       7607        220           0.006926
 30      27889       7270        199           0.006778
 31      27690       6695        182           0.006357
 32      27508       6403        160           0.006333
 33      27348       6139        143           0.006655
 34      27205       5931        126           0.006241
 35      27079       5583        111           0.006008
 36      26968       5288         96           0.006528
 37      26872       5126         91           0.005996
 38      26781       4636         84           0.006066
 39      26697       4481         76           0.005969
 40      26621       4405         72           0.006139
 41      26549       4292         67           0.005714
 42      26482       4225         64           0.005494
 43      26418       4088         60           0.005492
 44      26358       4007         55           0.005803
 45      26303       3952         51           0.005386
 46      26252       3781         46           0.005198
 47      26206       3711         40           0.005323
 48      26166       3545         34           0.005271
 49      26132       3425         31           0.005080
 50      26101       3394         30           0.005150
 51      26071       3345         28           0.005079
 52      26043       3317         24           0.005212
 53      26019       1674         21           0.004251
 54      25998       1653         20           0.003973
 55      25978       1621         18           0.004051
 56      25960       1580         16           0.004071
 57      25944       1528         15           0.005994
 58      25929       1513         14           0.003928
 59      25915       1499         14           0.003978
 60      25901       1485         14           0.003960
 61      25887       1471         13           0.003952
 62      25874       1433         11           0.003918
 63      25863       1422         11           0.003961
 64      25852       1230          9           0.003906
 65      25843       1221          9           0.003589
 66      25834       1212          9           0.003610
 67      25825       1203          9           0.003412
 68      25816       1194          9           0.003480
 69      25807       1185          9           0.003418
 70      25798       1176          9           0.003471
 71      25789       1167          9           0.003629
 72      25780       1158          9           0.003516
 73      25771       1149          9           0.003485
 74      25762       1140          9           0.003454
 75      25753       1131          9           0.003470
 76      25744       1122          9           0.004079
 77      25735       1113          8           0.003469
 78      25727       1105          8           0.003444
 79      25719       1097          8           0.003425
 80      25711       1089          9           0.003476
 81      25702       1080          8           0.004092
 82      25694       1072          8           0.003700
 83      25686       1064          8           0.003507
 84      25678       1056          8           0.006066
 85      25670       1048          8           0.003473
 86      25662       1040          6           0.003990
 87      25656       1006          5           0.003921
 88      25651       1001          5           0.003550
 89      25646        996          5           0.003491
 90      25641        991          5           0.003545
 91      25636        986          5           0.003846
 92      25631        981          5           0.003549
 93      25626        976          5           0.003537
 94      25621        971          4           0.004060
 95      25617        967          4           0.003531
 96      25613        963          4           0.003538
 97      25609        928          3           0.003442
 98      25606        925          3           0.003428
 99      25603        922          3           0.004282
100      25600        919          3           0.003613
101      25597        916          3           0.003462
102      25594        913          3           0.003444
103      25591        910          3           0.003522
104      25588        907          3           0.003470
105      25585        904          3           0.004327
106      25582        901          3           0.003630
107      25579        898          3           0.003496
108      25576        895          3           0.003451
109      25573        892          3           0.004054
110      25570        889          3           0.004062
111      25567        886          3           0.003667
112      25564        883          3           0.003442
113      25561        880          3           0.003447
114      25558        877          3           0.003446
115      25555        874          3           0.003455
116      25552        871          3           0.003490
117      25549        868          3           0.003659
118      25546        865          3           0.003471
119      25543        862          3           0.003507
120      25540        859          3           0.003463
121      25537        856          3           0.003893
122      25534        853          3           0.003675
123      25531        850          3           0.003382
124      25528        847          3           0.003386
125      25525        844          3           0.003352
126      25522        841          3           0.003318
127      25519        838          3           0.003488
128      25516        835          3           0.003718
129      25513        832          3           0.003352
130      25510        829          3           0.003357
131      25507        826          3           0.003312
132      25504        823          3           0.003353
133      25501        820          3           0.003397
134      25498        817          3           0.003324
135      25495        814          3           0.003594
136      25492        811          3           0.004260
137      25489        808          3           0.003684
138      25486        805          3           0.003317
139      25483        802          3           0.003485
140      25480        799          3           0.003582
141      25477        796          3           0.003508
142      25474        793          3           0.003369
143      25471        790          3           0.003336
144      25468        787          3           0.003364
145      25465        784          3           0.003381
146      25462        781          3           0.003516
147      25459        778          3           0.003514
148      25456        775          3           0.003404
149      25453        772          2           0.002919
150      25451        770          2           0.002961
151      25449        768          3           0.003989
152      25446        765          2           0.002962
153      25444        763          2           0.003450
154      25442        761          2           0.003032
155      25440        759          2           0.002999
156      25438        757          3           0.003329
157      25435        754          2           0.002947
158      25433        752          2           0.002948
159      25431        750          3           0.003766
160      25428        747          3           0.003469
161      25425        744          2           0.002894
162      25423        742          2           0.002898
163      25421        740          3           0.003314
164      25418        737          2           0.003337
165      25416        735          2           0.004462
166      25414        733          2           0.003425
167      25412        731          2           0.002897
168      25410        729          2           0.002909
169      25408        727          2           0.002941
170      25406        725          2           0.002954
171      25404        723          2           0.002998
172      25402        721          2           0.002923
173      25400        719          2           0.002986
174      25398        717          2           0.002921
175      25396        715          2           0.002919
176      25394        713          2           0.002909
177      25392        711          2           0.002976
178      25390        709          2           0.002915
179      25388        707          2           0.002928
180      25386        705          2           0.002941
181      25384        703          2           0.003068
182      25382        701          1           0.003406
183      25381        700          1           0.002931
184      25380        699          1           0.002979
==========================================================

================individual timings =======================
     SpMV      Update-Match   Update-UMC    Total 
==========================================================
     0.03762      0.03190      0.02484      0.09437 
     0.03149      0.02025      0.01931      0.07105 
     0.02975      0.01590      0.01473      0.06037 
     0.02782      0.01397      0.01300      0.05479 
     0.02497      0.01189      0.01000      0.04686 
     0.02004      0.01308      0.00953      0.04265 
     0.01975      0.00822      0.00955      0.03751 
     0.01889      0.00789      0.00815      0.03493 
     0.01723      0.00697      0.00724      0.03143 
     0.01624      0.00659      0.00678      0.02961 
     0.01830      0.00493      0.00572      0.02895 
     0.01456      0.00355      0.00498      0.02309 
     0.01387      0.00353      0.00454      0.02194 
     0.01297      0.00316      0.00402      0.02015 
     0.01266      0.00257      0.00368      0.01891 
     0.01237      0.00279      0.00404      0.01920 
     0.01189      0.00288      0.00263      0.01740 
     0.00957      0.00242      0.00183      0.01381 
     0.00769      0.00262      0.00167      0.01197 
     0.00781      0.00154      0.00147      0.01082 
     0.00643      0.00175      0.00138      0.00956 
     0.00615      0.00188      0.00129      0.00933 
     0.00591      0.00158      0.00125      0.00873 
     0.00572      0.00206      0.00138      0.00917 
     0.00584      0.00362      0.00119      0.01065 
     0.00529      0.00169      0.00116      0.00814 
     0.00476      0.00173      0.00114      0.00763 
     0.00469      0.00138      0.00112      0.00720 
     0.00431      0.00134      0.00128      0.00693 
     0.00440      0.00123      0.00115      0.00678 
     0.00413      0.00113      0.00110      0.00636 
     0.00401      0.00125      0.00107      0.00633 
     0.00389      0.00170      0.00106      0.00665 
     0.00399      0.00120      0.00105      0.00624 
     0.00375      0.00124      0.00103      0.00601 
     0.00381      0.00169      0.00103      0.00653 
     0.00373      0.00126      0.00101      0.00600 
     0.00352      0.00148      0.00107      0.00607 
     0.00349      0.00146      0.00102      0.00597 
     0.00385      0.00129      0.00100      0.00614 
     0.00363      0.00110      0.00099      0.00571 
     0.00338      0.00112      0.00099      0.00549 
     0.00337      0.00112      0.00101      0.00549 
     0.00338      0.00148      0.00094      0.00580 
     0.00328      0.00118      0.00092      0.00539 
     0.00326      0.00103      0.00091      0.00520 
     0.00329      0.00113      0.00090      0.00532 
     0.00320      0.00115      0.00091      0.00527 
     0.00313      0.00103      0.00092      0.00508 
     0.00312      0.00112      0.00091      0.00515 
     0.00312      0.00106      0.00090      0.00508 
     0.00317      0.00113      0.00092      0.00521 
     0.00220      0.00115      0.00090      0.00425 
     0.00211      0.00091      0.00096      0.00397 
     0.00219      0.00091      0.00095      0.00405 
     0.00221      0.00087      0.00099      0.00407 
     0.00354      0.00150      0.00095      0.00599 
     0.00212      0.00086      0.00094      0.00393 
     0.00213      0.00090      0.00095      0.00398 
     0.00213      0.00087      0.00096      0.00396 
     0.00212      0.00088      0.00095      0.00395 
     0.00209      0.00086      0.00097      0.00392 
     0.00212      0.00088      0.00095      0.00396 
     0.00195      0.00100      0.00095      0.00391 
     0.00199      0.00083      0.00077      0.00359 
     0.00186      0.00098      0.00077      0.00361 
     0.00187      0.00075      0.00080      0.00341 
     0.00189      0.00076      0.00083      0.00348 
     0.00186      0.00076      0.00080      0.00342 
     0.00186      0.00076      0.00085      0.00347 
     0.00186      0.00093      0.00084      0.00363 
     0.00186      0.00080      0.00086      0.00352 
     0.00189      0.00075      0.00084      0.00348 
     0.00182      0.00077      0.00087      0.00345 
     0.00186      0.00077      0.00084      0.00347 
     0.00183      0.00122      0.00103      0.00408 
     0.00187      0.00076      0.00084      0.00347 
     0.00182      0.00077      0.00085      0.00344 
     0.00184      0.00075      0.00084      0.00342 
     0.00181      0.00080      0.00087      0.00348 
     0.00183      0.00131      0.00095      0.00409 
     0.00195      0.00087      0.00087      0.00370 
     0.00184      0.00075      0.00092      0.00351 
     0.00227      0.00279      0.00101      0.00607 
     0.00185      0.00076      0.00087      0.00347 
     0.00178      0.00126      0.00096      0.00399 
     0.00182      0.00123      0.00087      0.00392 
     0.00184      0.00082      0.00090      0.00355 
     0.00181      0.00076      0.00093      0.00349 
     0.00182      0.00081      0.00092      0.00355 
     0.00180      0.00113      0.00091      0.00385 
     0.00182      0.00077      0.00096      0.00355 
     0.00184      0.00076      0.00094      0.00354 
     0.00178      0.00126      0.00103      0.00406 
     0.00186      0.00079      0.00088      0.00353 
     0.00183      0.00080      0.00091      0.00354 
     0.00182      0.00075      0.00087      0.00344 
     0.00179      0.00076      0.00088      0.00343 
     0.00195      0.00126      0.00108      0.00428 
     0.00191      0.00082      0.00089      0.00361 
     0.00178      0.00076      0.00092      0.00346 
     0.00180      0.00077      0.00087      0.00344 
     0.00182      0.00081      0.00089      0.00352 
     0.00182      0.00078      0.00088      0.00347 
     0.00214      0.00127      0.00092      0.00433 
     0.00187      0.00079      0.00097      0.00363 
     0.00182      0.00076      0.00091      0.00350 
     0.00180      0.00076      0.00089      0.00345 
     0.00179      0.00077      0.00150      0.00405 
     0.00204      0.00109      0.00094      0.00406 
     0.00199      0.00076      0.00092      0.00367 
     0.00179      0.00076      0.00090      0.00344 
     0.00178      0.00076      0.00091      0.00345 
     0.00179      0.00075      0.00091      0.00345 
     0.00180      0.00075      0.00091      0.00346 
     0.00178      0.00075      0.00095      0.00349 
     0.00195      0.00076      0.00095      0.00366 
     0.00180      0.00076      0.00091      0.00347 
     0.00180      0.00077      0.00093      0.00351 
     0.00178      0.00076      0.00093      0.00346 
     0.00178      0.00103      0.00109      0.00389 
     0.00185      0.00092      0.00091      0.00367 
     0.00179      0.00074      0.00085      0.00338 
     0.00178      0.00080      0.00081      0.00339 
     0.00180      0.00073      0.00083      0.00335 
     0.00176      0.00074      0.00082      0.00332 
     0.00177      0.00082      0.00090      0.00349 
     0.00203      0.00087      0.00082      0.00372 
     0.00179      0.00073      0.00083      0.00335 
     0.00179      0.00073      0.00084      0.00336 
     0.00172      0.00076      0.00083      0.00331 
     0.00179      0.00079      0.00078      0.00335 
     0.00183      0.00082      0.00075      0.00340 
     0.00178      0.00080      0.00074      0.00332 
     0.00195      0.00089      0.00075      0.00359 
     0.00249      0.00097      0.00080      0.00426 
     0.00195      0.00096      0.00078      0.00368 
     0.00178      0.00081      0.00072      0.00332 
     0.00175      0.00088      0.00086      0.00348 
     0.00188      0.00091      0.00080      0.00358 
     0.00185      0.00081      0.00085      0.00351 
     0.00179      0.00081      0.00078      0.00337 
     0.00180      0.00081      0.00073      0.00334 
     0.00176      0.00083      0.00077      0.00336 
     0.00177      0.00081      0.00080      0.00338 
     0.00188      0.00084      0.00080      0.00352 
     0.00178      0.00093      0.00081      0.00351 
     0.00176      0.00084      0.00080      0.00340 
     0.00178      0.00033      0.00081      0.00292 
     0.00176      0.00039      0.00082      0.00296 
     0.00176      0.00130      0.00092      0.00399 
     0.00174      0.00034      0.00088      0.00296 
     0.00177      0.00063      0.00105      0.00345 
     0.00181      0.00039      0.00084      0.00303 
     0.00172      0.00043      0.00085      0.00300 
     0.00172      0.00081      0.00080      0.00333 
     0.00174      0.00036      0.00084      0.00295 
     0.00173      0.00033      0.00089      0.00295 
     0.00181      0.00120      0.00075      0.00377 
     0.00174      0.00096      0.00078      0.00347 
     0.00172      0.00033      0.00084      0.00289 
     0.00172      0.00033      0.00085      0.00290 
     0.00170      0.00081      0.00079      0.00331 
     0.00173      0.00032      0.00129      0.00334 
     0.00173      0.00178      0.00096      0.00446 
     0.00184      0.00069      0.00090      0.00343 
     0.00171      0.00033      0.00085      0.00290 
     0.00171      0.00034      0.00086      0.00291 
     0.00176      0.00032      0.00085      0.00294 
     0.00171      0.00034      0.00091      0.00295 
     0.00179      0.00034      0.00086      0.00300 
     0.00171      0.00032      0.00089      0.00292 
     0.00178      0.00033      0.00087      0.00299 
     0.00173      0.00032      0.00088      0.00292 
     0.00172      0.00032      0.00088      0.00292 
     0.00171      0.00033      0.00087      0.00291 
     0.00171      0.00033      0.00093      0.00298 
     0.00170      0.00033      0.00089      0.00291 
     0.00171      0.00033      0.00088      0.00293 
     0.00173      0.00033      0.00087      0.00294 
     0.00185      0.00033      0.00089      0.00307 
     0.00221      0.00033      0.00087      0.00341 
     0.00170      0.00035      0.00088      0.00293 
     0.00171      0.00038      0.00088      0.00298 
-------------------------------------------------------
     0.74195      0.31464      0.30855      1.36514 
matrix  nprocesses nthreads ncores algorithm Unmatched-Rows  Cardinality Total Time***
/scratch2/scratchdirs/azad/symmetric/hollywood-2009.mtx 9 12 108 DMD 25379    1114526     1.365143
-------------------------------------------------------

=======================================================
@@@@@@ Number of processes: 9
=======================================================
It   |  UMRow   |  UMCol   |  newlyMatched   |  Time 
=======================================================
  1    1139905    1139905      32662           0.010183
  2    1107243    1107243     131968           0.066359
  3     975275     974900      11242           0.010730
  4     964033     963556        330           0.006183
  5     963703     963226         23           0.005166
  6     963680     963203     110243           0.065826
  7     853437     852702       5952           0.007590
  8     847485     846548        218           0.005864
  9     847267     846318         11           0.004535
 10     847256     846307      94836           0.061339
 11     752420     751274       4250           0.007624
 12     748170     746702        297           0.007289
 13     747873     746393         34           0.004899
 14     747839     746353      82675           0.056322
 15     665164     663493       3495           0.006954
 16     661669     659635        390           0.007212
 17     661279     659210         94           0.004739
 18     661185     659111         27           0.004522
 19     661158     659083         13           0.004474
 20     661145     659069      72829           0.055516
 21     588316     586044       3064           0.006835
 22     585252     582559        439           0.005755
 23     584813     582065        102           0.004544
 24     584711     581956         41           0.004376
 25     584670     581913         20           0.004747
 26     584650     581892      64116           0.049602
 27     520534     517609       2827           0.006581
 28     517707     514329        536           0.006895
 29     517171     513742        211           0.004325
 30     516960     513498        107           0.004225
 31     516853     513382         64           0.004092
 32     516789     513308         39           0.004009
 33     516750     513267         26           0.003773
 34     516724     513236         18           0.003956
 35     516706     513215         12           0.003846
 36     516694     513201      56199           0.048116
 37     460495     456788       2819           0.006792
 38     457676     453476        674           0.005601
 39     457002     452703        288           0.004550
 40     456714     452373        152           0.004080
 41     456562     452201         79           0.004001
 42     456483     452112         62           0.003876
 43     456421     452042         60           0.004232
 44     456361     451972         59           0.003936
 45     456302     451904         44           0.003852
 46     456258     451858         35           0.004193
 47     456223     451818         40           0.003835
 48     456183     451774         33           0.003993
 49     456150     451737         29           0.004084
 50     456121     451708         24           0.003985
 51     456097     451681         18           0.003743
 52     456079     451661         19           0.003671
 53     456060     451640         22           0.003765
 54     456038     451617         31           0.004515
 55     456007     451581         22           0.003840
 56     455985     451556         19           0.003737
 57     455966     451537         15           0.003744
 58     455951     451521         17           0.004201
 59     455934     451500         26           0.003806
 60     455908     451472         30           0.003939
 61     455878     451437         31           0.003781
 62     455847     451404         25           0.003779
 63     455822     451377         24           0.003560
 64     455798     451351      49473           0.046181
 65     406325     401663       2883           0.006713
 66     403442     398242        790           0.005681
 67     402652     397324        313           0.004425
 68     402339     396970        173           0.004152
 69     402166     396772        105           0.003950
 70     402061     396654         69           0.003728
 71     401992     396577         45           0.004037
 72     401947     396525         33           0.003788
 73     401914     396487         31           0.003676
 74     401883     396453         22           0.003500
 75     401861     396426         14           0.003416
 76     401847     396410         15           0.004100
 77     401832     396393         13           0.003408
 78     401819     396378         11           0.003440
 79     401808     396365          9           0.004407
 80     401799     396355      42743           0.042230
 81     359056     353418       2708           0.006629
 82     356348     350104        778           0.005745
 83     355570     349167        365           0.004355
 84     355205     348738        194           0.004065
 85     355011     348527        154           0.003978
 86     354857     348342         88           0.003848
 87     354769     348238         43           0.003680
 88     354726     348191         23           0.007149
 89     354703     348163         12           0.003270
 90     354691     348150      37356           0.039095
 91     317335     310598       2536           0.007453
 92     314799     307438        837           0.005478
 93     313962     306458        419           0.004505
 94     313543     305976        277           0.004131
 95     313266     305665        179           0.004061
 96     313087     305458         97           0.003804
 97     312990     305350         61           0.003600
 98     312929     305275         43           0.003487
 99     312886     305228         36           0.004832
100     312850     305187         42           0.003602
101     312808     305141         29           0.003970
102     312779     305109         23           0.003511
103     312756     305083         21           0.003534
104     312735     305059         15           0.003202
105     312720     305040         15           0.003346
106     312705     305024         13           0.003402
107     312692     305011         14           0.003232
108     312678     304996      32417           0.035537
109     280261     272344       2574           0.006794
110     277687     269113       1030           0.005774
111     276657     267842        584           0.004607
112     276073     267145        356           0.006113
113     275717     266720        240           0.004240
114     275477     266440        186           0.003833
115     275291     266227        130           0.003675
116     275161     266081         86           0.004246
117     275075     265984         71           0.003460
118     275004     265897         50           0.003482
119     274954     265840         46           0.003504
120     274908     265789         30           0.003507
121     274878     265754         27           0.003571
122     274851     265725         17           0.003370
123     274834     265707         13           0.003239
124     274821     265692         13           0.003121
125     274808     265675      27864           0.032961
126     246944     237618       2598           0.007414
127     244346     234305       1205           0.009351
128     243141     232833        755           0.005260
129     242386     231913        483           0.004315
130     241903     231328        287           0.004143
131     241616     230985        211           0.004553
132     241405     230732        171           0.003730
133     241234     230533        106           0.003510
134     241128     230409         86           0.003480
135     241042     230309         63           0.004122
136     240979     230239         52           0.003357
137     240927     230182         46           0.003407
138     240881     230129         33           0.003303
139     240848     230092         25           0.003286
140     240823     230063         20           0.003349
141     240803     230043         23           0.003143
142     240780     230015         24           0.003888
143     240756     229987         26           0.003318
144     240730     229957         15           0.003228
145     240715     229936         28           0.003370
146     240687     229898         28           0.003067
147     240659     229866         23           0.003027
148     240636     229835         20           0.004291
149     240616     229814         12           0.003203
150     240604     229801      24005           0.030453
151     216599     205589       2524           0.007461
152     214075     202308       1312           0.006578
153     212763     200680        962           0.005075
154     211801     199482        747           0.004693
155     211054     198573        638           0.004647
156     210416     197773        536           0.004715
157     209880     197103        432           0.004321
158     209448     196592        322           0.004045
159     209126     196204        254           0.003950
160     208872     195897        210           0.004304
161     208662     195657        170           0.004067
162     208492     195469        152           0.005345
163     208340     195285        109           0.003479
164     208231     195153         78           0.003383
165     208153     195068         86           0.003387
166     208067     194960         58           0.003548
167     208009     194896         39           0.003164
168     207970     194850         39           0.003110
169     207931     194805         27           0.003030
170     207904     194770         16           0.003011
171     207888     194752         14           0.002940
172     207874     194736         19           0.003555
173     207855     194715         19           0.003233
174     207836     194695         13           0.003007
175     207823     194681         14           0.002963
176     207809     194663      19788           0.027094
177     188021     174697       2263           0.007100
178     185758     171620       1305           0.005958
179     184453     169927        945           0.004922
180     183508     168751        664           0.004583
181     182844     167913        612           0.004625
182     182232     167140        476           0.005082
183     181756     166556        358           0.003996
184     181398     166140        285           0.003945
185     181113     165795        237           0.003839
186     180876     165511        182           0.003807
187     180694     165301        156           0.003530
188     180538     165115        132           0.003600
189     180406     164962        124           0.003721
190     180282     164804        119           0.003394
191     180163     164666        104           0.003520
192     180059     164542         81           0.003376
193     179978     164446         72           0.003419
194     179906     164361         50           0.003334
195     179856     164295         39           0.003271
196     179817     164247         31           0.003213
197     179786     164213         29           0.003045
198     179757     164177         31           0.003165
199     179726     164137         29           0.003126
200     179697     164102         19           0.003011
201     179678     164080         12           0.002886
202     179666     164067         16           0.002973
203     179650     164047          9           0.003107
204     179641     164036         12           0.002948
205     179629     164021      16455           0.024528
206     163174     147410       1967           0.007113
207     161207     144747       1107           0.005264
208     160100     143317        771           0.004516
209     159329     142330        591           0.004386
210     158738     141598        450           0.004042
211     158288     141040        379           0.003943
212     157909     140563        287           0.003799
213     157622     140219        239           0.003616
214     157383     139922        192           0.003630
215     157191     139697        139           0.003430
216     157052     139528         87           0.003356
217     156965     139419         88           0.003285
218     156877     139310         72           0.003286
219     156805     139222         69           0.003024
220     156736     139135         54           0.004670
221     156682     139071         44           0.003448
222     156638     139018         38           0.003083
223     156600     138970         25           0.003077
224     156575     138939         21           0.002847
225     156554     138914         17           0.002771
226     156537     138895          8           0.002791
227     156529     138885      13424           0.022635
228     143105     125315       1559           0.006085
229     141546     123072        737           0.005010
230     140809     122132        459           0.003941
231     140350     121547        322           0.003918
232     140028     121129        199           0.003581
233     139829     120885        127           0.003489
234     139702     120730         50           0.003229
235     139652     120662         39           0.003883
236     139613     120617         26           0.002951
237     139587     120590         22           0.002908
238     139565     120568         16           0.003034
239     139549     120552         15           0.002881
240     139534     120536         12           0.005802
241     139522     120524         14           0.002943
242     139508     120506         10           0.002639
243     139498     120496          9           0.002717
244     139489     120486      11295           0.020428
245     128194     109115       1136           0.005090
246     127058     107459        399           0.004070
247     126659     106948        202           0.003519
248     126457     106701         88           0.003722
249     126369     106591         43           0.003810
250     126326     106536         22           0.002897
251     126304     106510         13           0.002889
252     126291     106495         15           0.002747
253     126276     106477         12           0.002835
254     126264     106464          6           0.002543
255     126258     106453       9513           0.018316
256     116745      96900        868           0.006223
257     115877      95654        247           0.003827
258     115630      95339        115           0.003475
259     115515      95188         42           0.003096
260     115473      95127         26           0.003203
261     115447      95096         11           0.003166
262     115436      95082       8305           0.017727
263     107131      86739        691           0.005495
264     106440      85709        166           0.003522
265     106274      85505         62           0.003090
266     106212      85424         24           0.002940
267     106188      85389         18           0.003319
268     106170      85365         10           0.002929
269     106160      85351          8           0.002984
270     106152      85340       7108           0.016585
271      99044      78210        541           0.005543
272      98503      77417         91           0.003275
273      98412      77306         22           0.002862
274      98390      77273         12           0.002898
275      98378      77260       6229           0.015401
276      92149      71012        471           0.004481
277      91678      70345         86           0.003472
278      91592      70241         31           0.003117
279      91561      70199         10           0.002834
280      91551      70185       5474           0.014516
281      86077      64696        360           0.004557
282      85717      64149         49           0.003020
283      85668      64086         15           0.003633
284      85653      64068          8           0.002856
285      85645      64058       4812           0.013729
286      80833      59242        312           0.004832
287      80521      58751         53           0.003219
288      80468      58686         14           0.002861
289      80454      58671         10           0.003540
290      80444      58657       4257           0.014079
291      76187      54388        250           0.004538
292      75937      53984         49           0.002984
293      75888      53920         21           0.002926
294      75867      53890         11           0.002820
295      75856      53877       3791           0.012536
296      72065      50080        216           0.003945
297      71849      49739         25           0.002965
298      71824      49707       3416           0.012020
299      68408      46287        170           0.003248
300      68238      46029         18           0.002899
301      68220      46007       3100           0.011967
302      65120      42906        157           0.003349
303      64963      42653         22           0.002894
304      64941      42628       2804           0.011535
305      62137      39822        135           0.003962
306      62002      39604         12           0.002541
307      61990      39588          7           0.002463
308      61983      39577       2539           0.010460
309      59444      37033        123           0.003144
310      59321      36835       2322           0.009877
311      56999      34509        104           0.003831
312      56895      34329         16           0.002800
313      56879      34313       2134           0.009730
314      54745      32179        100           0.003085
315      54645      32011       1948           0.009228
316      52697      30061         99           0.003331
317      52598      29895         11           0.003024
318      52587      29883       1781           0.008820
319      50806      28102         73           0.004222
320      50733      27984         10           0.003072
321      50723      27968       1627           0.009729
322      49096      26339         57           0.004464
323      49039      26255         12           0.002899
