**** Reading input matrix: /scratch2/scratchdirs/azad/symmetric/rgg_n_2_24_s0.mtx ******* 
Matrix is Boolean
Matrix is symmetric
Total number of nonzeros expected across all processors is 132557200
File is 2210504057 bytes
Total number of entries read across all processors is 132557200
As a whole: 16777216 rows and 16777216 columns and 265114400 nonzeros
Reader took 50.1837 seconds
Performing random permuation of matrix.
Performed random permuation of matrix.
Threading activated with 6 threads, and matrix split into 6 parts
 #####################################################
 ################## Run 1 ############################
 #####################################################
=======================================================
@@@@@@ Number of processes: 4
=======================================================
It   |  UMRow   |  UMCol   |  newlyMatched   |  Time 
=======================================================
Creating a new MPI data type for 11VertexType1
  1   16777216   16777215    4826930           3.847339
  2   11950286   11950285    3610145           3.240054
  3    8340141    8340139    2945766           2.674378
  4    5394375    5394322    2204002           2.129963
  5    3190373    3185801    1419392           1.586417
  6    1770981    1657683     701228           1.026443
  7    1069753     510528     184655           0.402076
  8     885098      54697      19696           0.093196
  9     865402       2848       1137           0.044993
 10     864265        158         63           0.038640
 11     864202          8          2           0.029714
==========================================================

================individual timings =======================
     SpMV      Update-Match   Update-UMC    Total 
==========================================================
     1.72836      1.21442      0.90457      3.84734 
     1.45853      1.03875      0.74277      3.24005 
     1.18185      0.84920      0.64333      2.67438 
     0.92231      0.60444      0.60321      2.12996 
     0.71525      0.38911      0.48206      1.58642 
     0.54644      0.17504      0.30496      1.02644 
     0.19012      0.09221      0.11974      0.40208 
     0.04604      0.01176      0.03540      0.09320 
     0.02692      0.00391      0.01416      0.04499 
     0.02473      0.00246      0.01145      0.03864 
     0.01871      0.00227      0.00873      0.02971 
-------------------------------------------------------
     6.85925      4.38358      3.87038     15.11321 
matrix  nprocesses nthreads ncores algorithm Unmatched-Rows  Cardinality Total Time***
/scratch2/scratchdirs/azad/symmetric/rgg_n_2_24_s0.mtx 4 6 24 DMD 864200    15913016     15.113213
-------------------------------------------------------

=======================================================
@@@@@@ Number of processes: 4
=======================================================
It   |  UMRow   |  UMCol   |  newlyMatched   |  Time 
=======================================================
  1   16777216   16777215         54           0.251262
  2   16777162   16777161    2864323           3.587359
  3   13912839   13912711       1367           0.267179
  4   13911472   13911334        127           0.203316
  5   13911345   13911205         13           0.193871
  6   13911332   13911191    2703282           3.149047
  7   11208050   11206336      11399           0.232611
  8   11196651   11194446       2213           0.192694
  9   11194438   11192093        566           0.182438
 10   11193872   11191488        125           0.180600
 11   11193747   11191352         29           0.174654
 12   11193718   11191319    2506497           2.910583
 13    8687221    8676756      49431           0.223281
 14    8637790    8623221      13953           0.189165
 15    8623837    8607815       4759           0.168722
 16    8619078    8602540       1468           0.161404
 17    8617610    8600875        425           0.159109
 18    8617185    8600411        134           0.157811
 19    8617051    8600254         46           0.155055
 20    8617005    8600197         10           0.148010
 21    8616995    8600187    2251150           2.586678
 22    6365845    6324567     130388           0.254383
 23    6235457    6176180      47371           0.157045
 24    6188086    6121460      18796           0.143275
 25    6169290    6099791       7077           0.139131
 26    6162213    6091587       2681           0.122878
 27    6159532    6088425       1060           0.114535
 28    6158472    6087170        442           0.125339
 29    6158030    6086655        170           0.124245
 30    6157860    6086455         67           0.123803
 31    6157793    6086371         24           0.118735
 32    6157769    6086342    1883275           2.133006
 33    4274494    4157175     221578           0.309589
 34    4052916    3891665      89199           0.163903
 35    3963717    3783575      38210           0.140372
 36    3925507    3737368      16295           0.099276
 37    3909212    3717566       6889           0.088303
 38    3902323    3709022       3029           0.081557
 39    3899294    3705286       1315           0.077452
 40    3897979    3703675        552           0.074625
 41    3897427    3702962        233           0.073502
 42    3897194    3702687         97           0.072443
 43    3897097    3702562         41           0.069694
 44    3897056    3702511         18           0.065702
 45    3897038    3702492    1363251           1.741759
 46    2533787    2288920     242803           0.317795
 47    2290984    1984166      95342           0.166967
 48    2195642    1863565      38979           0.121014
 49    2156663    1814430      16067           0.087322
 50    2140596    1793942       6751           0.076060
 51    2133845    1785246       2762           0.069968
 52    2131083    1781658       1203           0.065452
 53    2129880    1780095        484           0.062797
 54    2129396    1779470        206           0.061435
 55    2129190    1779203         86           0.060590
 56    2129104    1779093         39           0.056512
 57    2129065    1779045         18           0.054564
 58    2129047    1779022     776815           1.085496
 59    1352232     972104     166824           0.235293
 60    1185408     757413      55853           0.124381
 61    1129555     684674      19005           0.082260
 62    1110550     659995       6603           0.065239
 63    1103947     651301       2352           0.059170
 64    1101595     648177        842           0.054173
 65    1100753     647029        312           0.051476
 66    1100441     646612         96           0.049936
 67    1100345     646490         37           0.049324
 68    1100308     646435         19           0.045424
 69    1100289     646410     329383           0.505115
 70     770906     306809      74117           0.152478
 71     696789     210583      19124           0.077558
 72     677665     185277       4815           0.056598
 73     672850     178829       1333           0.048904
 74     671517     177044        367           0.044552
 75     671150     176550         99           0.041428
 76     671051     176398         27           0.038493
 77     671024     176359          9           0.036578
 78     671015     176344     101960           0.190751
 79     569055      72347      22456           0.077762
 80     546599      43508       4298           0.055943
 81     542301      37795        793           0.045132
 82     541508      36744        148           0.041218
 83     541360      36547         34           0.040173
 84     541326      36496          5           0.032904
 85     541321      36486      23061           0.084713
 86     518260      13129       4958           0.054054
 87     513302       6954        697           0.043024
 88     512605       6057        111           0.039163
 89     512494       5904       3899           0.054015
 90     508595       1972        835           0.043695
 91     507760        925         74           0.038886
 92     507686        824        580           0.043430
 93     507106        240        114           0.039285
 94     506992         99         12           0.035866
 95     506980         85         59           0.038887
 96     506921         26         10           0.032941
 97     506911         13         11           0.033981
 98     506900          1          1           0.029207
==========================================================

================individual timings =======================
     SpMV      Update-Match   Update-UMC    Total 
==========================================================
     0.03166      0.00143      0.21816      0.25126 
     1.80364      1.04467      0.73905      3.58736 
     0.04334      0.00692      0.21692      0.26718 
     0.03236      0.00186      0.16909      0.20332 
     0.02817      0.00251      0.16319      0.19387 
     1.55098      0.87512      0.72294      3.14905 
     0.04661      0.00097      0.18503      0.23261 
     0.03443      0.00465      0.15361      0.19269 
     0.03375      0.00319      0.14551      0.18244 
     0.03376      0.00302      0.14382      0.18060 
     0.02801      0.00228      0.14436      0.17465 
     1.33323      0.88306      0.69429      2.91058 
     0.05069      0.00759      0.16500      0.22328 
     0.03706      0.00523      0.14687      0.18917 
     0.03394      0.00371      0.13108      0.16872 
     0.03309      0.00323      0.12509      0.16140 
     0.03256      0.00334      0.12320      0.15911 
     0.03243      0.00328      0.12210      0.15781 
     0.02875      0.00282      0.12349      0.15506 
     0.02646      0.00193      0.11961      0.14801 
     1.16419      0.84770      0.57480      2.58668 
     0.08336      0.01542      0.15560      0.25438 
     0.04966      0.00561      0.10177      0.15704 
     0.03828      0.00972      0.09527      0.14328 
     0.03453      0.00394      0.10066      0.13913 
     0.03268      0.00318      0.08702      0.12288 
     0.03154      0.00371      0.07929      0.11453 
     0.03160      0.00331      0.09043      0.12534 
     0.03156      0.00312      0.08957      0.12424 
     0.03088      0.00315      0.08978      0.12380 
     0.02542      0.00309      0.09023      0.11873 
     0.97420      0.64211      0.51670      2.13301 
     0.11829      0.03590      0.15539      0.30959 
     0.06933      0.00765      0.08692      0.16390 
     0.05557      0.00357      0.08123      0.14037 
     0.03744      0.00541      0.05643      0.09928 
     0.03363      0.00478      0.04989      0.08830 
     0.03195      0.00361      0.04599      0.08156 
     0.03103      0.00378      0.04264      0.07745 
     0.03076      0.00334      0.04053      0.07463 
     0.03056      0.00353      0.03941      0.07350 
     0.03010      0.00362      0.03872      0.07244 
     0.02852      0.00171      0.03947      0.06969 
     0.02402      0.00268      0.03900      0.06570 
     0.76802      0.50646      0.46728      1.74176 
     0.13258      0.04133      0.14389      0.31780 
     0.07573      0.01107      0.08017      0.16697 
     0.05669      0.00359      0.06073      0.12101 
     0.03788      0.00506      0.04438      0.08732 
     0.03376      0.00360      0.03870      0.07606 
     0.03173      0.00343      0.03480      0.06997 
     0.03082      0.00301      0.03163      0.06545 
     0.03029      0.00333      0.02918      0.06280 
     0.03009      0.00328      0.02806      0.06143 
     0.02956      0.00366      0.02737      0.06059 
     0.02729      0.00225      0.02698      0.05651 
     0.02483      0.00193      0.02781      0.05456 
     0.50936      0.26527      0.31087      1.08550 
     0.11156      0.01943      0.10430      0.23529 
     0.06400      0.00517      0.05521      0.12438 
     0.03886      0.00644      0.03696      0.08226 
     0.03240      0.00289      0.02995      0.06524 
     0.02989      0.00341      0.02588      0.05917 
     0.02900      0.00322      0.02195      0.05417 
     0.02854      0.00310      0.01984      0.05148 
     0.02802      0.00335      0.01856      0.04994 
     0.02661      0.00347      0.01923      0.04932 
     0.02200      0.00463      0.01880      0.04542 
     0.23325      0.10926      0.16261      0.50512 
     0.06627      0.02131      0.06490      0.15248 
     0.03822      0.00782      0.03152      0.07756 
     0.02974      0.00345      0.02341      0.05660 
     0.02751      0.00307      0.01833      0.04890 
     0.02661      0.00321      0.01474      0.04455 
     0.02617      0.00320      0.01205      0.04143 
     0.02351      0.00251      0.01247      0.03849 
     0.02262      0.00120      0.01277      0.03658 
     0.08437      0.03935      0.06702      0.19075 
     0.03928      0.00634      0.03214      0.07776 
     0.02939      0.00549      0.02106      0.05594 
     0.02668      0.00365      0.01480      0.04513 
     0.02615      0.00327      0.01180      0.04122 
     0.02573      0.00385      0.01059      0.04017 
     0.02078      0.00228      0.00985      0.03290 
     0.03795      0.01527      0.03150      0.08471 
     0.02978      0.00303      0.02125      0.05405 
     0.02665      0.00348      0.01289      0.04302 
     0.02622      0.00309      0.00986      0.03916 
     0.02916      0.00449      0.02036      0.05402 
     0.02660      0.00368      0.01341      0.04369 
     0.02620      0.00314      0.00954      0.03889 
     0.02675      0.00319      0.01349      0.04343 
     0.02607      0.00337      0.00985      0.03928 
     0.02035      0.00460      0.01092      0.03587 
     0.02622      0.00348      0.00919      0.03889 
     0.02009      0.00199      0.01086      0.03294 
     0.02254      0.00110      0.01034      0.03398 
     0.01089      0.01011      0.00821      0.02921 
-------------------------------------------------------
    11.65523      5.68012      9.95343     27.28878 
matrix  nprocesses nthreads ncores algorithm Unmatched-Rows  Cardinality Total Time***
/scratch2/scratchdirs/azad/symmetric/rgg_n_2_24_s0.mtx 4 6 24 Karp-Sipser-rand 506899    16270317     27.288783
-------------------------------------------------------

=======================================================
@@@@@@ Number of processes: 4
=======================================================
It   |  UMRow   |  UMCol   |  newlyMatched   |  Time 
=======================================================
  1   16777216   16777215    2864220           2.917693
  2   13912996   13912995    2701856           2.551027
  3   11211140   11211139    2512664           2.250683
  4    8698476    8698475    2281713           2.010808
  5    6416763    6416762    1992807           1.710123
  6    4423956    4423955    1617375           1.381548
  7    2806581    2806580    1135603           1.037013
  8    1670978    1670977     625676           0.700905
  9    1045302    1045301     247872           0.451046
 10     797430     797429      67411           0.329251
 11     730019     730018      12771           0.286267
 12     717248     717247       1823           0.279920
 13     715425     715424        197           0.292840
 14     715228     715227         18           0.263645
 15     715210     715209          0           0.277867
==========================================================

================individual timings =======================
     SpMV      Update-Match   Update-UMC    Total 
==========================================================
     1.76926      1.10813      0.04030      2.91769 
     1.59204      0.92831      0.03067      2.55103 
     1.34426      0.88357      0.02285      2.25068 
     1.16468      0.83046      0.01566      2.01081 
     0.98615      0.71274      0.01124      1.71012 
     0.85697      0.51518      0.00940      1.38155 
     0.68628      0.34377      0.00697      1.03701 
     0.51688      0.17886      0.00517      0.70091 
     0.38704      0.06053      0.00347      0.45105 
     0.31728      0.00927      0.00270      0.32925 
     0.26969      0.01408      0.00249      0.28627 
     0.26845      0.00907      0.00240      0.27992 
     0.29033      0.00011      0.00240      0.29284 
     0.26062      0.00066      0.00237      0.26364 
     0.26621      0.00928      0.00237      0.27787 
-------------------------------------------------------
    10.97615      5.60402      0.16046     16.74063 
matrix  nprocesses nthreads ncores algorithm Unmatched-Rows  Cardinality Total Time***
/scratch2/scratchdirs/azad/symmetric/rgg_n_2_24_s0.mtx 4 6 24 Greedy-rand 715210    16062006     16.740635
-------------------------------------------------------

=======================================================
@@@@@@ Number of processes: 4
=======================================================
It   |  UMRow   |  UMCol   |  newlyMatched   |  Time 
=======================================================
  1   16777216   16777215         54           0.244935
  2   16777162   16777161    2864529           4.153995
  3   13912633   13912522       1206           0.171575
  4   13911427   13911308        103           0.137533
  5   13911324   13911202         14           0.131264
  6   13911310   13911188    2714344           3.370488
  7   11196966   11194968      12981           0.113754
  8   11183985   11181459       2289           0.082260
  9   11181696   11179017        662           0.077590
 10   11181034   11178311        161           0.075384
 11   11180873   11178138         30           0.073115
 12   11180843   11178107    2570511           3.241227
 13    8610332    8595355      66371           0.156173
 14    8543961    8523043      18799           0.099473
 15    8525162    8502198       7142           0.088036
 16    8518020    8494187       2509           0.078366
 17    8515511    8491337        877           0.070200
 18    8514634    8490361        296           0.069619
 19    8514338    8490021        126           0.069707
 20    8514212    8489871         40           0.063864
 21    8514172    8489824         16           0.065337
 22    8514156    8489806    2317917           2.744649
 23    6196239    6132296     179447           0.270887
 24    6016792    5924647      64362           0.144283
 25    5952430    5849487      28380           0.110209
 26    5924050    5815979      11926           0.094833
 27    5912124    5801904       5140           0.083268
 28    5906984    5795757       2177           0.072145
 29    5904807    5793108        920           0.068065
 30    5903887    5792019        408           0.065071
 31    5903479    5791534        162           0.060715
 32    5903317    5791338         68           0.059782
 33    5903249    5791251         31           0.059023
 34    5903218    5791211    1910965           2.509030
 35    3992253    3810030     286510           0.400688
 36    3705743    3461243     111683           0.206926
 37    3594060    3325290      49690           0.135642
 38    3544370    3264675      22099           0.100807
 39    3522271    3237605       9916           0.081979
 40    3512355    3225456       4456           0.067280
 41    3507899    3219832       1891           0.060695
 42    3506008    3217478        877           0.055886
 43    3505131    3216400        386           0.053183
 44    3504745    3215907        183           0.052236
 45    3504562    3215676         76           0.051462
 46    3504486    3215589         28           0.049951
 47    3504458    3215548         15           0.047937
 48    3504443    3215531    1305755           1.700187
 49    2198688    1844302     264418           0.365620
 50    1934270    1513535      95350           0.171750
 51    1838920    1394262      36870           0.109360
 52    1802050    1348307      14379           0.081927
 53    1787671    1330385       5768           0.063108
 54    1781903    1323203       2314           0.055385
 55    1779589    1320266        896           0.050373
 56    1778693    1319125        333           0.047033
 57    1778360    1318699        130           0.045934
 58    1778230    1318531         45           0.044113
 59    1778185    1318477         28           0.045893
 60    1778157    1318437          9           0.041327
 61    1778148    1318426     666994           0.992300
 62    1111154     620286     138590           0.238857
 63     972564     447820      40547           0.109195
 64     932017     397331      11815           0.070426
 65     920202     382490       3476           0.052866
 66     916726     378137       1048           0.045994
 67     915678     376787        328           0.042180
 68     915350     376376        113           0.040806
 69     915237     376219         30           0.039086
 70     915207     376185          7           0.035272
 71     915200     376174     230944           0.368318
 72     684256     137738      42164           0.107014
 73     642092      86335       9244           0.058998
 74     632848      74884       1821           0.044369
 75     631027      72581        375           0.037962
 76     630652      72128         80           0.034985
 77     630572      72026         13           0.034921
 78     630559      72009      50704           0.116477
 79     579855      20237       7743           0.054318
 80     572112      10961       1254           0.039827
 81     570858       9395        151           0.035132
 82     570707       9202         22           0.033235
 83     570685       9177       6975           0.054070
 84     563710       2107        984           0.038456
 85     562726        954        109           0.033720
 86     562617        823          8           0.030532
 87     562609        813        640           0.036640
 88     561969        167         85           0.033541
 89     561884         73          7           0.029571
 90     561877         63         48           0.032839
 91     561829         14         11           0.033891
 92     561818          1          1           0.030119
==========================================================

================individual timings =======================
     SpMV      Update-Match   Update-UMC    Total 
==========================================================
     0.02850      0.00179      0.21465      0.24494 
     1.78135      1.75224      0.62040      4.15400 
     0.03733      0.00704      0.12721      0.17157 
     0.03267      0.00247      0.10239      0.13753 
     0.03239      0.00061      0.09827      0.13126 
     1.60996      1.19649      0.56403      3.37049 
     0.05581      0.00149      0.05645      0.11375 
     0.03957      0.00324      0.03944      0.08226 
     0.03894      0.00330      0.03534      0.07759 
     0.03654      0.00239      0.03645      0.07538 
     0.03496      0.00109      0.03707      0.07312 
     1.42474      1.22962      0.58687      3.24123 
     0.07319      0.00880      0.07418      0.15617 
     0.04454      0.00504      0.04990      0.09947 
     0.03999      0.00567      0.04237      0.08804 
     0.03910      0.00305      0.03621      0.07837 
     0.03696      0.00240      0.03083      0.07020 
     0.03642      0.00285      0.03035      0.06962 
     0.03600      0.00280      0.03090      0.06971 
     0.03415      0.00173      0.02798      0.06386 
     0.03394      0.00199      0.02941      0.06534 
     1.32781      0.88129      0.53555      2.74465 
     0.12455      0.03520      0.11114      0.27089 
     0.06529      0.01168      0.06732      0.14428 
     0.04925      0.00827      0.05269      0.11021 
     0.04129      0.00948      0.04406      0.09483 
     0.03744      0.00733      0.03850      0.08327 
     0.03559      0.00281      0.03375      0.07214 
     0.03476      0.00432      0.02899      0.06806 
     0.03417      0.00279      0.02811      0.06507 
     0.03220      0.00239      0.02612      0.06071 
     0.03182      0.00235      0.02561      0.05978 
     0.03189      0.00230      0.02484      0.05902 
     1.06398      0.91891      0.52614      2.50903 
     0.17654      0.07843      0.14571      0.40069 
     0.08921      0.02809      0.08963      0.20693 
     0.06025      0.01894      0.05645      0.13564 
     0.04498      0.01137      0.04446      0.10081 
     0.03797      0.00612      0.03789      0.08198 
     0.03250      0.00186      0.03292      0.06728 
     0.03052      0.00165      0.02852      0.06070 
     0.02969      0.00133      0.02487      0.05589 
     0.02924      0.00127      0.02267      0.05318 
     0.02908      0.00120      0.02195      0.05224 
     0.02885      0.00112      0.02149      0.05146 
     0.02903      0.00105      0.01987      0.04995 
     0.02564      0.00057      0.02173      0.04794 
     0.75274      0.49998      0.44746      1.70019 
     0.15505      0.07250      0.13806      0.36562 
     0.07909      0.02381      0.06885      0.17175 
     0.04923      0.01364      0.04649      0.10936 
     0.04521      0.00273      0.03399      0.08193 
     0.03077      0.00326      0.02908      0.06311 
     0.02816      0.00267      0.02456      0.05539 
     0.02702      0.00247      0.02088      0.05037 
     0.02647      0.00228      0.01829      0.04703 
     0.02632      0.00222      0.01739      0.04593 
     0.02615      0.00219      0.01578      0.04411 
     0.02582      0.00252      0.01756      0.04589 
     0.02278      0.00192      0.01663      0.04133 
     0.43835      0.29210      0.26185      0.99230 
     0.10127      0.04026      0.09733      0.23886 
     0.04877      0.01819      0.04223      0.10919 
     0.03364      0.00777      0.02902      0.07043 
     0.02677      0.00322      0.02288      0.05287 
     0.02509      0.00263      0.01828      0.04599 
     0.02431      0.00258      0.01529      0.04218 
     0.02417      0.00241      0.01423      0.04081 
     0.02402      0.00249      0.01257      0.03909 
     0.02094      0.00201      0.01233      0.03527 
     0.15315      0.10006      0.11511      0.36832 
     0.04674      0.01718      0.04310      0.10701 
     0.03034      0.00351      0.02515      0.05900 
     0.02528      0.00116      0.01793      0.04437 
     0.02207      0.00274      0.01316      0.03796 
     0.02173      0.00264      0.01061      0.03499 
     0.01862      0.00447      0.01183      0.03492 
     0.05073      0.02110      0.04465      0.11648 
     0.02846      0.00262      0.02324      0.05432 
     0.02253      0.00305      0.01425      0.03983 
     0.02155      0.00259      0.01100      0.03513 
     0.02132      0.00263      0.00928      0.03324 
     0.02620      0.00535      0.02252      0.05407 
     0.02228      0.00277      0.01340      0.03846 
     0.02146      0.00266      0.00960      0.03372 
     0.01836      0.00209      0.01009      0.03053 
     0.02132      0.00317      0.01215      0.03664 
     0.02151      0.00252      0.00951      0.03354 
     0.01839      0.00198      0.00920      0.02957 
     0.01688      0.00682      0.00914      0.03284 
     0.01840      0.00437      0.01112      0.03389 
     0.01838      0.00200      0.00974      0.03012 
-------------------------------------------------------
    11.80845      7.48155      6.85846     26.14846 
matrix  nprocesses nthreads ncores algorithm Unmatched-Rows  Cardinality Total Time***
/scratch2/scratchdirs/azad/symmetric/rgg_n_2_24_s0.mtx 4 6 24 Karp-Sipser 561817    16215399     26.148455
-------------------------------------------------------

=======================================================
@@@@@@ Number of processes: 4
=======================================================
It   |  UMRow   |  UMCol   |  newlyMatched   |  Time 
=======================================================
  1   16777216   16777215    2864551           3.651901
  2   13912665   13912664    2714783           2.956368
  3   11197882   11197881    2576784           2.672585
  4    8621098    8621097    2360584           2.303333
  5    6260514    6260513    2071465           2.080649
  6    4189049    4189048    1660298           1.629325
  7    2528751    2528750    1087655           1.220672
  8    1441096    1441095     491245           0.757233
  9     949851     949850     132999           0.487241
 10     816852     816851      20990           0.364500
 11     795862     795861       2103           0.329691
 12     793759     793758        144           0.328522
 13     793615     793614         12           0.345793
 14     793603     793602          1           0.330724
 15     793602     793601          0           0.346739
==========================================================

================individual timings =======================
     SpMV      Update-Match   Update-UMC    Total 
==========================================================
     1.76050      1.84935      0.04205      3.65190 
     1.64075      1.29596      0.01966      2.95637 
     1.42880      1.23724      0.00654      2.67259 
     1.33854      0.96304      0.00175      2.30333 
     1.13541      0.94480      0.00044      2.08065 
     0.92019      0.70903      0.00010      1.62933 
     0.70608      0.51456      0.00003      1.22067 
     0.51111      0.24611      0.00002      0.75723 
     0.39599      0.09123      0.00002      0.48724 
     0.31189      0.05259      0.00002      0.36450 
     0.31289      0.01678      0.00002      0.32969 
     0.31040      0.01811      0.00002      0.32852 
     0.32180      0.02397      0.00002      0.34579 
     0.31352      0.01719      0.00002      0.33072 
     0.32192      0.02480      0.00002      0.34674 
-------------------------------------------------------
    11.72980      8.00475      0.07073     19.80528 
matrix  nprocesses nthreads ncores algorithm Unmatched-Rows  Cardinality Total Time***
/scratch2/scratchdirs/azad/symmetric/rgg_n_2_24_s0.mtx 4 6 24 Greedy 793602    15983614     19.805276
-------------------------------------------------------

 #####################################################
 ################## Run 2 ############################
 #####################################################
=======================================================
@@@@@@ Number of processes: 4
=======================================================
It   |  UMRow   |  UMCol   |  newlyMatched   |  Time 
=======================================================
  1   16777216   16777215    4826930           3.926035
  2   11950286   11950285    3610145           3.260917
  3    8340141    8340139    2945766           2.677000
  4    5394375    5394322    2204002           2.127342
  5    3190373    3185801    1419392           1.620316
  6    1770981    1657683     701228           1.032427
  7    1069753     510528     184655           0.385907
  8     885098      54697      19696           0.098661
  9     865402       2848       1137           0.045315
 10     864265        158         63           0.038785
 11     864202          8          2           0.029902
==========================================================

================individual timings =======================
     SpMV      Update-Match   Update-UMC    Total 
==========================================================
     1.80626      1.22400      0.89578      3.92604 
     1.49727      1.01645      0.74720      3.26092 
     1.16423      0.86386      0.64891      2.67700 
     0.93926      0.57533      0.61275      2.12734 
     0.72168      0.41124      0.48739      1.62032 
     0.54676      0.17948      0.30618      1.03243 
     0.19108      0.07597      0.11886      0.38591 
     0.04571      0.01767      0.03528      0.09866 
     0.02688      0.00420      0.01423      0.04532 
     0.02456      0.00274      0.01149      0.03878 
     0.01862      0.00253      0.00875      0.02990 
-------------------------------------------------------
     6.98232      4.37348      3.88681     15.24261 
matrix  nprocesses nthreads ncores algorithm Unmatched-Rows  Cardinality Total Time***
/scratch2/scratchdirs/azad/symmetric/rgg_n_2_24_s0.mtx 4 6 24 DMD 864200    15913016     15.242607
-------------------------------------------------------

=======================================================
@@@@@@ Number of processes: 4
=======================================================
It   |  UMRow   |  UMCol   |  newlyMatched   |  Time 
=======================================================
  1   16777216   16777215         54           0.251529
  2   16777162   16777161    2864905           3.602318
  3   13912257   13912097       1403           0.239328
  4   13910854   13910673        137           0.203198
  5   13910717   13910530         21           0.196432
  6   13910696   13910508    2702757           3.237701
  7   11207939   11206197      11438           0.232226
  8   11196501   11194273       2184           0.190366
  9   11194317   11191961        622           0.181455
 10   11193695   11191290        117           0.180166
 11   11193578   11191165         24           0.174635
 12   11193554   11191140    2506396           2.847959
 13    8687158    8676802      49723           0.223837
 14    8637435    8622963      14084           0.187519
 15    8623351    8607404       4668           0.167988
 16    8618683    8602166       1439           0.161875
 17    8617244    8600554        447           0.159224
 18    8616797    8600043        161           0.158439
 19    8616636    8599859         49           0.155845
 20    8616587    8599803         14           0.147911
 21    8616573    8599788    2251986           2.537134
 22    6364587    6323457     131430           0.238573
 23    6233157    6174058      47345           0.175978
 24    6185812    6119225      18937           0.143634
 25    6166875    6097266       7225           0.130101
 26    6159650    6088818       2903           0.119299
 27    6156747    6085349       1116           0.127745
 28    6155631    6084012        466           0.125869
 29    6155165    6083462        189           0.124509
 30    6154976    6083237         75           0.122632
 31    6154901    6083148         34           0.118983
 32    6154867    6083108         13           0.117760
 33    6154854    6083093    1881440           2.160564
 34    4273414    4155959     222231           0.310985
 35    4051183    3889430      89382           0.165129
 36    3961801    3780445      37954           0.135612
 37    3923847    3734540      16227           0.098067
 38    3907620    3714703       6887           0.087531
 39    3900733    3706351       2955           0.080837
 40    3897778    3702606       1278           0.076618
 41    3896500    3700987        564           0.074186
 42    3895936    3700284        247           0.072807
 43    3895689    3699985        107           0.071950
 44    3895582    3699855         50           0.070831
 45    3895532    3699796         22           0.068631
 46    3895510    3699764    1361695           1.670796
 47    2533815    2287878     241834           0.315135
 48    2291981    1984639      94540           0.167185
 49    2197441    1864973      38248           0.110321
 50    2159193    1816637      15679           0.095258
 51    2143514    1796565       6427           0.074289
 52    2137087    1788227       2647           0.068118
 53    2134440    1784762       1094           0.063793
 54    2133346    1783313        492           0.061295
 55    2132854    1782689        219           0.060125
 56    2132635    1782406         89           0.058147
 57    2132546    1782288         33           0.058074
 58    2132513    1782247          9           0.053211
 59    2132504    1782235     778950           1.124424
 60    1353554     973007     167010           0.243926
 61    1186544     757693      55952           0.121409
 62    1130592     684676      19021           0.085796
 63    1111571     659773       6787           0.066524
 64    1104784     650879       2440           0.058264
 65    1102344     647626        886           0.053790
 66    1101458     646423        287           0.050337
 67    1101171     646037        106           0.049158
 68    1101065     645900         37           0.047335
 69    1101028     645854         18           0.044115
 70    1101010     645828          8           0.043999
 71    1101002     645816     329578           0.504192
 72     771424     306167      74239           0.145591
 73     697185     210199      19315           0.077567
 74     677870     184756       4996           0.058373
 75     672874     178097       1258           0.049085
 76     671616     176438        335           0.043515
 77     671281     175985         81           0.041861
 78     671200     175867         20           0.036667
 79     671180     175841         10           0.037072
 80     671170     175827     101576           0.188790
 81     569594      72182      22480           0.077718
 82     547114      43414       4188           0.054353
 83     542926      37872        732           0.045051
 84     542194      36885        144           0.040472
 85     542050      36684         22           0.036628
 86     542028      36646      23086           0.083072
 87     518942      13264       4946           0.054194
 88     513996       6984        687           0.042988
 89     513309       6104         83           0.039314
 90     513226       5998          9           0.032644
 91     513217       5987       3971           0.054775
 92     509246       1989        805           0.043431
 93     508441        983         93           0.039223
 94     508348        864         11           0.033446
 95     508337        848        564           0.042997
 96     507773        282        112           0.039408
 97     507661        141         12           0.033662
 98     507649        123         88           0.039771
 99     507561         32         19           0.036639
100     507542         11          9           0.033884
101     507533          2          2           0.032282
==========================================================

================individual timings =======================
     SpMV      Update-Match   Update-UMC    Total 
==========================================================
     0.03223      0.00165      0.21765      0.25153 
     1.79529      1.02509      0.78193      3.60232 
     0.04324      0.00298      0.19311      0.23933 
     0.03229      0.00291      0.16800      0.20320 
     0.02872      0.00260      0.16511      0.19643 
     1.55573      0.95794      0.72403      3.23770 
     0.04739      0.00095      0.18389      0.23223 
     0.03395      0.00378      0.15263      0.19037 
     0.03364      0.00341      0.14440      0.18145 
     0.03289      0.00343      0.14385      0.18017 
     0.02776      0.00275      0.14412      0.17463 
     1.32300      0.83244      0.69251      2.84796 
     0.05056      0.00919      0.16408      0.22384 
     0.03723      0.00392      0.14637      0.18752 
     0.03396      0.00341      0.13061      0.16799 
     0.03304      0.00371      0.12513      0.16188 
     0.03266      0.00336      0.12320      0.15922 
     0.03242      0.00332      0.12270      0.15844 
     0.02933      0.00284      0.12367      0.15584 
     0.02652      0.00255      0.11884      0.14791 
     1.16953      0.79511      0.57249      2.53713 
     0.08325      0.01289      0.14244      0.23857 
     0.04830      0.00615      0.12153      0.17598 
     0.03881      0.00993      0.09489      0.14363 
     0.03484      0.00332      0.09193      0.13010 
     0.03263      0.00353      0.08313      0.11930 
     0.03186      0.00359      0.09230      0.12775 
     0.03154      0.00370      0.09063      0.12587 
     0.03119      0.00349      0.08983      0.12451 
