**** Reading input matrix: /scratch2/scratchdirs/azad/symmetric/rgg_n_2_24_s0.mtx ******* 
Matrix is Boolean
Matrix is symmetric
Total number of nonzeros expected across all processors is 132557200
File is 2210504057 bytes
Total number of entries read across all processors is 132557200
As a whole: 16777216 rows and 16777216 columns and 265114400 nonzeros
Reader took 127.63 seconds
Performing random permuation of matrix.
Performed random permuation of matrix.
Threading activated with 1 threads, and matrix split into 1 parts
 #####################################################
 ################## Run 1 ############################
 #####################################################
=======================================================
@@@@@@ Number of processes: 1
=======================================================
It   |  UMRow   |  UMCol   |  newlyMatched   |  Time 
=======================================================
Creating a new MPI data type for 11VertexType1
  1   16777216   16777215    4610629          25.867350
  2   12166587   12166586    3420400          21.087551
  3    8746187    8746186    2827890          17.397711
  4    5918297    5918284    2216358          13.722650
  5    3701939    3701139    1541694          10.443512
  6    2160245    2126255     891529           7.196335
  7    1268716     944410     344663           3.672438
  8     924053     182742      61494           0.924373
  9     862559      14614       5213           0.272533
 10     857346        720        279           0.171613
 11     857067         29         12           0.151224
 12     857055          6          2           0.152448
==========================================================

================individual timings =======================
     SpMV      Update-Match   Update-UMC    Total 
==========================================================
    13.72765      6.15659      5.98311     25.86735 
    11.52060      4.47510      5.09185     21.08755 
     9.58160      3.25877      4.55734     17.39771 
     7.55532      2.10339      4.06393     13.72265 
     5.75687      1.25914      3.42750     10.44351 
     4.08320      0.57162      2.54152      7.19633 
     2.24002      0.17291      1.25950      3.67244 
     0.59359      0.02733      0.30346      0.92437 
     0.17347      0.00218      0.09689      0.27253 
     0.14256      0.00014      0.02892      0.17161 
     0.13232      0.00002      0.01888      0.15122 
     0.13426      0.00002      0.01817      0.15245 
-------------------------------------------------------
    55.64146     18.02721     27.39107    101.05974 
matrix  nprocesses nthreads ncores algorithm Unmatched-Rows  Cardinality Total Time***
/scratch2/scratchdirs/azad/symmetric/rgg_n_2_24_s0.mtx 1 1 1 DMD 857053    15920163     101.059738
-------------------------------------------------------

=======================================================
@@@@@@ Number of processes: 1
=======================================================
It   |  UMRow   |  UMCol   |  newlyMatched   |  Time 
=======================================================
  1   16777216   16777215         54           0.910806
  2   16777162   16777161    2864137          24.302654
  3   13913025   13912888       1365           0.880273
  4   13911660   13911508        140           0.853600
  5   13911520   13911368         26           0.814122
  6   13911494   13911342    2703006          21.498354
  7   11208488   11206795      11535           0.896034
  8   11196953   11194779       2219           0.773788
  9   11194734   11192407        595           0.782594
 10   11194139   11191764        115           0.722252
 11   11194024   11191640         24           0.719504
 12   11194000   11191616    2506219          18.837808
 13    8687781    8677420      49678           1.005144
 14    8638103    8623474      13973           0.801164
 15    8624130    8607998       4735           0.713370
 16    8619395    8602733       1449           0.668908
 17    8617946    8601122        442           0.674523
 18    8617504    8600620        146           0.646740
 19    8617358    8600451         53           0.628677
 20    8617305    8600391         22           0.627112
 21    8617283    8600367    2251684          16.099099
 22    6365599    6324244     130294           1.259345
 23    6235305    6176343      46784           0.808991
 24    6188521    6122176      18968           0.631853
 25    6169553    6100190       7194           0.556555
 26    6162359    6091752       2750           0.512892
 27    6159609    6088514       1083           0.466304
 28    6158526    6087236        412           0.445258
 29    6158114    6086759        166           0.437794
 30    6157948    6086566         65           0.434976
 31    6157883    6086491         33           0.444425
 32    6157850    6086452         17           0.459956
 33    6157833    6086430         11           0.438187
 34    6157822    6086414    1881673          13.248825
 35    4276149    4158935     222947           1.858642
 36    4053202    3891740      89706           0.977981
 37    3963496    3782944      38219           0.655711
 38    3925277    3736503      16397           0.508708
 39    3908880    3716548       7092           0.425213
 40    3901788    3707786       3129           0.402025
 41    3898659    3703880       1361           0.373874
 42    3897298    3702212        584           0.339945
 43    3896714    3701478        266           0.342636
 44    3896448    3701155        117           0.324281
 45    3896331    3700994         56           0.321361
 46    3896275    3700925         22           0.318465
 47    3896253    3700903          9           0.318143
 48    3896244    3700891    1361148          10.033498
 49    2535096    2289773     242014           2.036911
 50    2293082    1986025      95145           1.007490
 51    2197937    1865600      38472           0.587098
 52    2159465    1816969      15901           0.436874
 53    2143564    1796754       6620           0.353507
 54    2136944    1788227       2729           0.320724
 55    2134215    1784637       1111           0.288617
 56    2133104    1783196        451           0.274355
 57    2132653    1782598        175           0.263999
 58    2132478    1782365         63           0.258645
 59    2132415    1782282         28           0.255933
 60    2132387    1782245          7           0.253940
 61    2132380    1782233     778873           6.368800
 62    1353507     972930     166317           1.625010
 63    1187190     758425      55846           0.711197
 64    1131344     686135      19015           0.414724
 65    1112329     661394       6634           0.300515
 66    1105695     652700       2345           0.251924
 67    1103350     649621        833           0.219233
 68    1102517     648515        319           0.201318
 69    1102198     648099        122           0.192078
 70    1102076     647942         45           0.187698
 71    1102031     647883         26           0.186996
 72    1102005     647855         12           0.186015
 73    1101993     647837     330425           3.108425
 74     771568     307310      74649           0.869316
 75     696919     210642      19397           0.390432
 76     677522     185119       4939           0.272063
 77     672583     178549       1285           0.207504
 78     671298     176803        337           0.176736
 79     670961     176317         71           0.164173
 80     670890     176208         16           0.160019
 81     670874     176187     101404           1.119445
 82     569470      72728      22657           0.418506
 83     546813      43637       4266           0.253767
 84     542547      37972        772           0.187052
 85     541775      36935        145           0.160866
 86     541630      36730         28           0.153391
 87     541602      36686          9           0.152149
 88     541593      36674      23079           0.427543
 89     518514      13307       4887           0.255573
 90     513627       7112        725           0.185018
 91     512902       6131         90           0.155631
 92     512812       6011         12           0.148453
 93     512800       5995       4026           0.247308
 94     508774       1946        803           0.187356
 95     507971        929         81           0.155037
 96     507890        826         12           0.149731
 97     507878        810        564           0.178655
 98     507314        242         98           0.155807
 99     507216        117         10           0.148523
100     507206        105         73           0.155803
101     507133         31         10           0.149865
102     507123         19         13           0.150938
103     507110          6          4           0.149161
104     507106          1          1           0.143949
==========================================================

================individual timings =======================
     SpMV      Update-Match   Update-UMC    Total 
==========================================================
     0.15671      0.00004      0.75406      0.91081 
    13.71642      5.66622      4.92002     24.30265 
     0.17386      0.00058      0.70584      0.88027 
     0.15426      0.00008      0.69927      0.85360 
     0.15815      0.00003      0.65594      0.81412 
    12.02137      4.74140      4.73558     21.49835 
     0.18995      0.00468      0.70140      0.89603 
     0.15774      0.00091      0.61513      0.77379 
     0.16593      0.00030      0.61636      0.78259 
     0.15334      0.00007      0.56884      0.72225 
     0.15220      0.00003      0.56727      0.71950 
    10.40149      3.88787      4.54845     18.83781 
     0.26787      0.02041      0.71687      1.00514 
     0.18255      0.00571      0.61290      0.80116 
     0.16202      0.00192      0.54942      0.71337 
     0.15470      0.00061      0.51360      0.66891 
     0.15218      0.00020      0.52214      0.67452 
     0.15896      0.00008      0.48770      0.64674 
     0.14976      0.00004      0.47887      0.62868 
     0.14960      0.00003      0.47748      0.62711 
     8.86396      3.03867      4.19648     16.09910 
     0.49442      0.05481      0.71012      1.25934 
     0.27227      0.01925      0.51746      0.80899 
     0.20154      0.00776      0.42255      0.63185 
     0.17000      0.00292      0.38364      0.55656 
     0.16108      0.00112      0.35070      0.51289 
     0.15316      0.00046      0.31268      0.46630 
     0.15070      0.00019      0.29437      0.44526 
     0.14912      0.00009      0.28859      0.43779 
     0.14770      0.00005      0.28723      0.43498 
     0.14792      0.00003      0.29648      0.44442 
     0.15864      0.00003      0.30129      0.45996 
     0.15233      0.00002      0.28583      0.43819 
     7.29421      2.18135      3.77326     13.24883 
     0.84843      0.09604      0.91417      1.85864 
     0.42885      0.03741      0.51172      0.97798 
     0.27103      0.01571      0.36898      0.65571 
     0.20037      0.00671      0.30163      0.50871 
     0.17066      0.00286      0.25169      0.42521 
     0.16335      0.00128      0.23740      0.40202 
     0.15771      0.00057      0.21560      0.37387 
     0.14983      0.00026      0.18985      0.33994 
     0.15300      0.00013      0.18950      0.34264 
     0.14691      0.00007      0.17730      0.32428 
     0.14600      0.00004      0.17532      0.32136 
     0.14555      0.00003      0.17289      0.31846 
     0.14512      0.00002      0.17300      0.31814 
     5.56798      1.36076      3.10476     10.03350 
     1.00430      0.10633      0.92628      2.03691 
     0.50032      0.03967      0.46750      1.00749 
     0.28948      0.01610      0.28152      0.58710 
     0.20991      0.00649      0.22047      0.43687 
     0.17232      0.00268      0.17851      0.35351 
     0.15839      0.00114      0.16120      0.32072 
     0.15267      0.00047      0.13547      0.28862 
     0.15366      0.00021      0.12049      0.27435 
     0.15179      0.00009      0.11211      0.26400 
     0.15082      0.00005      0.10778      0.25864 
     0.14986      0.00003      0.10604      0.25593 
     0.14920      0.00002      0.10472      0.25394 
     3.57038      0.70740      2.09102      6.36880 
     0.84107      0.07209      0.71185      1.62501 
     0.37568      0.02296      0.31255      0.71120 
     0.22176      0.00777      0.18519      0.41472 
     0.17011      0.00269      0.12771      0.30052 
     0.15276      0.00096      0.09820      0.25192 
     0.14683      0.00036      0.07204      0.21923 
     0.14364      0.00015      0.05752      0.20132 
     0.14183      0.00007      0.05017      0.19208 
     0.14053      0.00004      0.04713      0.18770 
     0.14079      0.00003      0.04617      0.18700 
     0.14040      0.00002      0.04559      0.18601 
     1.76419      0.25962      1.08462      3.10843 
     0.47484      0.03094      0.36354      0.86932 
     0.22475      0.00790      0.15778      0.39043 
     0.16541      0.00201      0.10464      0.27206 
     0.14436      0.00054      0.06261      0.20750 
     0.13873      0.00016      0.03785      0.17674 
     0.13643      0.00005      0.02770      0.16417 
     0.13482      0.00002      0.02517      0.16002 
     0.63648      0.07383      0.40913      1.11945 
     0.23888      0.00918      0.17044      0.41851 
     0.16158      0.00173      0.09045      0.25377 
     0.14104      0.00034      0.04568      0.18705 
     0.13565      0.00008      0.02514      0.16087 
     0.13332      0.00003      0.02004      0.15339 
     0.13318      0.00002      0.01895      0.15215 
     0.25003      0.01625      0.16126      0.42754 
     0.15974      0.00201      0.09382      0.25557 
     0.14065      0.00032      0.04405      0.18502 
     0.13435      0.00006      0.02122      0.15563 
     0.13092      0.00002      0.01751      0.14845 
     0.15715      0.00277      0.08738      0.24731 
     0.14074      0.00035      0.04627      0.18736 
     0.13446      0.00005      0.02053      0.15504 
     0.13264      0.00002      0.01707      0.14973 
     0.13949      0.00041      0.03876      0.17865 
     0.13430      0.00006      0.02144      0.15581 
     0.13182      0.00002      0.01669      0.14852 
     0.13549      0.00007      0.02024      0.15580 
     0.13310      0.00002      0.01674      0.14987 
     0.13435      0.00003      0.01656      0.15094 
     0.13303      0.00002      0.01611      0.14916 
     0.12754      0.00002      0.01640      0.14395 
-------------------------------------------------------
    82.83289     22.55661     53.93466    159.32417 
matrix  nprocesses nthreads ncores algorithm Unmatched-Rows  Cardinality Total Time***
/scratch2/scratchdirs/azad/symmetric/rgg_n_2_24_s0.mtx 1 1 1 Karp-Sipser-rand 507105    16270111     159.324166
-------------------------------------------------------

=======================================================
@@@@@@ Number of processes: 1
=======================================================
It   |  UMRow   |  UMCol   |  newlyMatched   |  Time 
=======================================================
  1   16777216   16777215    2864793          19.597477
  2   13912423   13912422    2703345          16.949703
  3   11209078   11209077    2511627          14.516474
  4    8697451    8697450    2280541          12.163028
  5    6416910    6416909    1992809           9.829621
  6    4424101    4424100    1616677           7.851315
  7    2807424    2807423    1135496           5.906023
  8    1671928    1671927     626869           4.217747
  9    1045059    1045058     248116           2.900856
 10     796943     796942      67720           2.131533
 11     729223     729222      12683           1.937382
 12     716540     716539       1734           1.895028
 13     714806     714805        180           1.883846
 14     714626     714625         25           1.885663
 15     714601     714600          2           1.889567
 16     714599     714598          0           1.889420
==========================================================

================individual timings =======================
     SpMV      Update-Match   Update-UMC    Total 
==========================================================
    13.71842      5.74114      0.13791     19.59748 
    12.05204      4.78150      0.11616     16.94970 
    10.50592      3.91260      0.09795     14.51647 
     8.96130      3.12009      0.08165     12.16303 
     7.46999      2.29294      0.06670      9.82962 
     6.21055      1.58838      0.05239      7.85132 
     4.90066      0.96722      0.03814      5.90602 
     3.74054      0.45052      0.02668      4.21775 
     2.72403      0.15821      0.01861      2.90086 
     2.07848      0.03864      0.01441      2.13153 
     1.91767      0.00679      0.01293      1.93738 
     1.88176      0.00094      0.01233      1.89503 
     1.87156      0.00014      0.01215      1.88385 
     1.87346      0.00005      0.01216      1.88566 
     1.87738      0.00003      0.01216      1.88957 
     1.87723      0.00003      0.01216      1.88942 
-------------------------------------------------------
    83.66099     23.05922      0.72447    107.44468 
matrix  nprocesses nthreads ncores algorithm Unmatched-Rows  Cardinality Total Time***
/scratch2/scratchdirs/azad/symmetric/rgg_n_2_24_s0.mtx 1 1 1 Greedy-rand 714599    16062617     107.444683
-------------------------------------------------------

=======================================================
@@@@@@ Number of processes: 1
=======================================================
It   |  UMRow   |  UMCol   |  newlyMatched   |  Time 
=======================================================
  1   16777216   16777215         54           0.915162
  2   16777162   16777161    2865489          24.417356
  3   13911673   13911542       1345           0.882229
  4   13910328   13910179        120           0.815394
  5   13910208   13910058         20           0.813898
  6   13910188   13910036    2768704          21.464103
  7   11141484   11138907      15532           0.910018
  8   11125952   11122392       3549           0.787800
  9   11122403   11118564       1032           0.748178
 10   11121371   11117434        261           0.725979
 11   11121110   11117155         67           0.718989
 12   11121043   11117081         17           0.716203
 13   11121026   11117062    2558071          18.829919
 14    8562955    8544314      71960           1.113323
 15    8490995    8462397      25291           0.846159
 16    8465704    8433254       9923           0.768500
 17    8455781    8421767       3506           0.701374
 18    8452275    8417707       1254           0.665707
 19    8451021    8416241        480           0.643001
 20    8450541    8415664        176           0.633815
 21    8450365    8415466         67           0.620531
 22    8450298    8415395         27           0.649219
 23    8450271    8415361         12           0.636014
 24    8450259    8415348    2260588          15.868189
 25    6189671    6114074     175267           1.510660
 26    6014404    5900830      73959           0.970085
 27    5940445    5810190      33444           0.706946
 28    5907001    5769467      14560           0.611355
 29    5892441    5751504       6402           0.514149
 30    5886039    5743575       2783           0.479267
 31    5883256    5740115       1185           0.449469
 32    5882071    5738669        489           0.429387
 33    5881582    5738058        213           0.420602
 34    5881369    5737793        111           0.416718
 35    5881258    5737652         45           0.414329
 36    5881213    5737596         17           0.411771
 37    5881196    5737571         10           0.411974
 38    5881186    5737557    1829237          12.644408
 39    4051949    3845963     256860           2.075683
 40    3795089    3516576     111385           1.097116
 41    3683704    3373715      50115           0.694232
 42    3633589    3309710      22475           0.525603
 43    3611114    3281113      10193           0.444812
 44    3600921    3268041       4517           0.374896
 45    3596404    3262189       2002           0.341251
 46    3594402    3259616        925           0.317215
 47    3593477    3258436        418           0.302024
 48    3593059    3257898        196           0.301982
 49    3592863    3257642         93           0.308385
 50    3592770    3257510         43           0.293897
 51    3592727    3257451         17           0.291895
 52    3592710    3257431    1261805           9.180710
 53    2330905    1943073     236939           2.035547
 54    2093966    1631421      91356           0.966132
 55    2002610    1510853      36315           0.540044
 56    1966295    1463608      14633           0.381420
 57    1951662    1444640       5772           0.305951
 58    1945890    1437066       2297           0.265259
 59    1943593    1433998        907           0.236133
 60    1942686    1432813        356           0.218707
 61    1942330    1432347        134           0.210074
 62    1942196    1432168         50           0.206071
 63    1942146    1432098         19           0.204459
 64    1942127    1432072          9           0.203459
 65    1942118    1432061     682979           5.414845
 66    1259139     725487     137142           1.397291
 67    1121997     545703      41355           0.563304
 68    1080642     491290      12547           0.342600
 69    1068095     474797       3983           0.255381
 70    1064112     469567       1244           0.210864
 71    1062868     467919        384           0.185066
 72    1062484     467400        121           0.174596
 73    1062363     467239         40           0.170762
 74    1062323     467190         17           0.169077
 75    1062306     467159     268390           2.442309
 76     793916     192934      50881           0.653066
 77     743035     127392      10779           0.311335
 78     732256     113317       2318           0.229775
 79     729938     110277        529           0.181617
 80     729409     109565        115           0.164331
 81     729294     109418         28           0.159151
 82     729266     109386      72218           0.852865
 83     657048      36292      12236           0.322854
 84     644812      20958       1689           0.214389
 85     643123      18755        247           0.165234
 86     642876      18436         34           0.153573
 87     642842      18392      13167           0.345164
 88     629675       5128       2079           0.232684
 89     627596       2605        237           0.174413
 90     627359       2300         20           0.159164
 91     627339       2272       1723           0.214945
 92     625616        536        260           0.166139
 93     625356        231         27           0.151280
 94     625329        192        144           0.159781
 95     625185         47         26           0.151975
 96     625159         19         17           0.152588
 97     625142          1          1           0.149568
==========================================================

================individual timings =======================
     SpMV      Update-Match   Update-UMC    Total 
==========================================================
     0.15770      0.00004      0.75742      0.91516 
    13.79212      5.68139      4.94385     24.41736 
     0.17429      0.00057      0.70737      0.88223 
     0.15456      0.00007      0.66077      0.81539 
     0.15395      0.00003      0.65992      0.81390 
    11.92563      4.74939      4.78908     21.46410 
     0.19506      0.00629      0.70867      0.91002 
     0.15947      0.00143      0.62690      0.78780 
     0.15502      0.00044      0.59272      0.74818 
     0.15291      0.00013      0.57294      0.72598 
     0.15187      0.00005      0.56707      0.71899 
     0.15118      0.00003      0.56500      0.71620 
    10.38010      3.87303      4.57679     18.82992 
     0.32305      0.03004      0.76023      1.11332 
     0.20603      0.01021      0.62992      0.84616 
     0.17268      0.00400      0.59182      0.76850 
     0.15730      0.00141      0.54266      0.70137 
     0.15197      0.00052      0.51321      0.66571 
     0.15006      0.00022      0.49272      0.64300 
     0.14866      0.00010      0.48506      0.63382 
     0.14788      0.00005      0.47260      0.62053 
     0.14798      0.00003      0.50121      0.64922 
     0.15707      0.00002      0.47892      0.63601 
     8.65227      3.01279      4.20313     15.86819 
     0.61151      0.07512      0.82403      1.51066 
     0.35790      0.03065      0.58153      0.97009 
     0.24025      0.01361      0.45308      0.70695 
     0.18784      0.00585      0.41767      0.61136 
     0.16422      0.00258      0.34735      0.51415 
     0.15431      0.00112      0.32384      0.47927 
     0.14969      0.00049      0.29929      0.44947 
     0.14729      0.00022      0.28189      0.42939 
     0.14627      0.00011      0.27423      0.42060 
     0.14564      0.00006      0.27102      0.41672 
     0.14549      0.00004      0.26880      0.41433 
     0.14473      0.00003      0.26701      0.41177 
     0.14470      0.00002      0.26725      0.41197 
     6.93185      2.04982      3.66273     12.64441 
     0.96764      0.11296      0.99509      2.07568 
     0.50747      0.04660      0.54305      1.09712 
     0.30818      0.02047      0.36558      0.69423 
     0.21831      0.00909      0.29820      0.52560 
     0.18129      0.00410      0.25942      0.44481 
     0.15824      0.00181      0.21484      0.37490 
     0.15008      0.00080      0.19036      0.34125 
     0.14624      0.00039      0.17059      0.31721 
     0.14425      0.00019      0.15758      0.30202 
     0.14341      0.00010      0.15847      0.30198 
     0.14744      0.00006      0.16088      0.30839 
     0.14172      0.00004      0.15214      0.29390 
     0.14134      0.00003      0.15053      0.29189 
     5.02288      1.27426      2.88357      9.18071 
     1.01485      0.10364      0.91705      2.03555 
     0.50153      0.03807      0.42653      0.96613 
     0.27774      0.01474      0.24756      0.54004 
     0.19847      0.00583      0.17712      0.38142 
     0.16199      0.00231      0.14165      0.30595 
     0.14918      0.00092      0.11515      0.26526 
     0.14430      0.00038      0.09146      0.23613 
     0.14187      0.00016      0.07668      0.21871 
     0.14062      0.00007      0.06938      0.21007 
     0.13992      0.00004      0.06611      0.20607 
     0.13981      0.00003      0.06462      0.20446 
     0.13987      0.00002      0.06357      0.20346 
     3.02097      0.59446      1.79941      5.41484 
     0.74029      0.05820      0.59880      1.39729 
     0.30639      0.01683      0.24008      0.56330 
     0.19031      0.00500      0.14729      0.34260 
     0.15468      0.00158      0.09912      0.25538 
     0.14378      0.00050      0.06658      0.21086 
     0.14004      0.00017      0.04486      0.18507 
     0.13868      0.00007      0.03585      0.17460 
     0.13820      0.00004      0.03253      0.17076 
     0.13784      0.00002      0.03122      0.16908 
     1.36707      0.21136      0.86387      2.44231 
     0.36133      0.02083      0.27091      0.65307 
     0.18222      0.00428      0.12483      0.31133 
     0.15226      0.00093      0.07658      0.22978 
     0.13977      0.00023      0.04162      0.18162 
     0.13735      0.00007      0.02692      0.16433 
     0.13642      0.00003      0.02270      0.15915 
     0.46635      0.05355      0.33296      0.85286 
     0.18884      0.00485      0.12917      0.32285 
     0.14849      0.00067      0.06523      0.21439 
     0.13657      0.00012      0.02855      0.16523 
     0.13379      0.00003      0.01975      0.15357 
     0.19586      0.00946      0.13985      0.34516 
     0.15651      0.00082      0.07535      0.23268 
     0.14515      0.00011      0.02915      0.17441 
     0.14052      0.00003      0.01862      0.15916 
     0.14723      0.00123      0.06648      0.21494 
     0.13705      0.00012      0.02897      0.16614 
     0.13283      0.00003      0.01842      0.15128 
     0.13562      0.00012      0.02405      0.15978 
     0.13351      0.00003      0.01843      0.15198 
     0.13478      0.00003      0.01778      0.15259 
     0.13433      0.00002      0.01522      0.14957 
-------------------------------------------------------
    79.57413     22.17493     53.64806    155.39712 
matrix  nprocesses nthreads ncores algorithm Unmatched-Rows  Cardinality Total Time***
/scratch2/scratchdirs/azad/symmetric/rgg_n_2_24_s0.mtx 1 1 1 Karp-Sipser 625141    16152075     155.397123
-------------------------------------------------------

=======================================================
@@@@@@ Number of processes: 1
=======================================================
It   |  UMRow   |  UMCol   |  newlyMatched   |  Time 
=======================================================
  1   16777216   16777215    2865507          19.546939
  2   13911709   13911708    2769270          16.855056
  3   11142439   11142438    2565978          14.338408
  4    8576461    8576460    2309516          11.944419
  5    6266945    6266944    1994394           9.530009
  6    4272551    4272550    1589626           7.498903
  7    2682925    2682924    1068436           5.567753
  8    1614489    1614488     530312           3.842940
  9    1084177    1084176     173141           2.691552
 10     911036     911035      35129           2.122140
 11     875907     875906       4743           2.011068
 12     871164     871163        446           2.042930
 13     870718     870717         25           1.986706
 14     870693     870692          2           1.985577
 15     870691     870690          0           1.988562
==========================================================

================individual timings =======================
     SpMV      Update-Match   Update-UMC    Total 
==========================================================
    13.71646      5.68731      0.14316     19.54694 
    12.00096      4.73277      0.12132     16.85506 
    10.38263      3.85520      0.10058     14.33841 
     8.79704      3.06676      0.08062     11.94442 
     7.21964      2.24424      0.06613      9.53001 
     5.94236      1.51103      0.04552      7.49890 
     4.63677      0.89938      0.03160      5.56775 
     3.44954      0.37314      0.02026      3.84294 
     2.56989      0.10883      0.01283      2.69155 
     2.09154      0.01962      0.01098      2.12214 
     1.99863      0.00248      0.00996      2.01107 
     2.03325      0.00025      0.00942      2.04293 
     1.97726      0.00005      0.00940      1.98671 
     1.97614      0.00003      0.00941      1.98558 
     1.97915      0.00003      0.00939      1.98856 
-------------------------------------------------------
    80.77126     22.50113      0.68057    103.95296 
matrix  nprocesses nthreads ncores algorithm Unmatched-Rows  Cardinality Total Time***
/scratch2/scratchdirs/azad/symmetric/rgg_n_2_24_s0.mtx 1 1 1 Greedy 870691    15906525     103.952961
-------------------------------------------------------

 #####################################################
 ################## Run 2 ############################
 #####################################################
=======================================================
@@@@@@ Number of processes: 1
=======================================================
It   |  UMRow   |  UMCol   |  newlyMatched   |  Time 
=======================================================
  1   16777216   16777215    4610629          25.798236
  2   12166587   12166586    3420400          21.024839
  3    8746187    8746186    2827890          17.256609
  4    5918297    5918284    2216358          13.731564
  5    3701939    3701139    1541694          10.379935
  6    2160245    2126255     891529           7.220734
  7    1268716     944410     344663           3.671895
  8     924053     182742      61494           0.925837
  9     862559      14614       5213           0.273508
 10     857346        720        279           0.171969
 11     857067         29         12           0.151382
 12     857055          6          2           0.152830
==========================================================

================individual timings =======================
     SpMV      Update-Match   Update-UMC    Total 
==========================================================
    13.66478      6.18418      5.94928     25.79824 
    11.42163      4.49419      5.10902     21.02484 
     9.46131      3.22649      4.56880     17.25661 
     7.53812      2.12130      4.07214     13.73156 
     5.70143      1.24872      3.42979     10.37994 
     4.12972      0.55357      2.53744      7.22073 
     2.23546      0.17553      1.26090      3.67190 
     0.59450      0.02735      0.30399      0.92584 
     0.17392      0.00218      0.09740      0.27351 
     0.14287      0.00014      0.02896      0.17197 
     0.13246      0.00002      0.01890      0.15138 
     0.13464      0.00002      0.01817      0.15283 
-------------------------------------------------------
    55.33084     18.03370     27.39480    100.75934 
matrix  nprocesses nthreads ncores algorithm Unmatched-Rows  Cardinality Total Time***
/scratch2/scratchdirs/azad/symmetric/rgg_n_2_24_s0.mtx 1 1 1 DMD 857053    15920163     100.759338
-------------------------------------------------------

=======================================================
@@@@@@ Number of processes: 1
=======================================================
It   |  UMRow   |  UMCol   |  newlyMatched   |  Time 
=======================================================
  1   16777216   16777215         54           0.913238
  2   16777162   16777161    2864523          24.338179
  3   13912639   13912498       1306           0.880943
  4   13911333   13911181        129           0.812167
  5   13911204   13911049         18           0.811826
  6   13911186   13911030    2702334          21.600096
  7   11208852   11207185      11601           0.895686
  8   11197251   11195093       2234           0.772100
  9   11195017   11192721        564           0.737702
 10   11194453   11192120        119           0.724090
 11   11194334   11191990         32           0.719892
 12   11194302   11191956    2506179          18.872695
 13    8688123    8677850      49431           1.004260
 14    8638692    8624419      14107           0.801886
 15    8624585    8608751       4816           0.715973
 16    8619769    8603393       1454           0.671097
 17    8618315    8601766        456           0.645290
 18    8617859    8601255        143           0.635847
 19    8617716    8601099         31           0.630310
 20    8617685    8601064    2250810          16.187123
 21    6366875    6325629     131339           1.287181
 22    6235536    6176412      47122           0.791653
 23    6188414    6121936      18578           0.632613
 24    6169836    6100424       7055           0.552425
 25    6162781    6092172       2729           0.535892
 26    6160052    6088944       1095           0.468772
 27    6158957    6087635        401           0.447978
 28    6158556    6087152        154           0.439376
 29    6158402    6086968         66           0.433588
 30    6158336    6086894         22           0.432928
 31    6158314    6086867         14           0.432851
 32    6158300    6086852    1882715          13.219491
 33    4275585    4158221     222437           1.845744
 34    4053148    3891769      89308           0.997609
 35    3963840    3783564      38001           0.653640
 36    3925839    3737534      16047           0.507017
 37    3909792    3717952       6959           0.421810
 38    3902833    3709399       2876           0.400092
 39    3899957    3705817       1277           0.352844
 40    3898680    3704240        526           0.351992
 41    3898154    3703589        232           0.330443
 42    3897922    3703300        100           0.334205
 43    3897822    3703175         46           0.315274
 44    3897776    3703112         22           0.314634
 45    3897754    3703082         12           0.313090
 46    3897742    3703067    1361267           9.988668
 47    2536475    2292067     242776           2.065135
 48    2293699    1987300      94405           0.992985
 49    2199294    1867659      38396           0.584544
 50    2160898    1819074      15959           0.445518
 51    2144939    1798792       6632           0.348764
 52    2138307    1790386       2721           0.312238
 53    2135586    1786898       1091           0.312968
 54    2134495    1785490        454           0.291399
 55    2134041    1784889        214           0.276401
 56    2133827    1784595         84           0.262630
 57    2133743    1784490         37           0.259032
 58    2133706    1784439         15           0.257435
 59    2133691    1784419     779738           6.354786
 60    1353953     974449     166776           1.597357
 61    1187177     759437      55814           0.694400
 62    1131363     686754      19218           0.424469
 63    1112145     661754       6696           0.303124
 64    1105449     653012       2390           0.252876
 65    1103059     649844        841           0.219654
 66    1102218     648740        285           0.199919
 67    1101933     648368         91           0.190619
 68    1101842     648253         32           0.186728
 69    1101810     648209         17           0.186153
 70    1101793     648185     330501           3.039557
 71     771292     307388      74528           0.869550
 72     696764     210738      19177           0.394444
 73     677587     185342       4941           0.267616
 74     672646     178749       1271           0.208146
 75     671375     177037        354           0.178393
 76     671021     176570         98           0.166298
 77     670923     176432         23           0.161657
 78     670900     176403     101866           1.116245
 79     569034      72490      22707           0.419303
 80     546327      43303       4304           0.254485
 81     542023      37620        767           0.187653
 82     541256      36605        152           0.162340
 83     541104      36394         29           0.153438
 84     541075      36352      23004           0.431269
 85     518071      13053       4908           0.255890
 86     513163       6859        640           0.181828
 87     512523       6019         88           0.155616
 88     512435       5899         11           0.150450
 89     512424       5884       3902           0.246231
 90     508522       1945        814           0.187990
 91     507708        930         76           0.155136
 92     507632        829          9           0.150299
 93     507623        816        558           0.178781
 94     507065        254        119           0.157244
 95     506946        103         75           0.154123
 96     506871         27         13           0.149561
 97     506858         10          7           0.150812
 98     506851          3          2           0.147436
 99     506849          1          1           0.144252
==========================================================

================individual timings =======================
     SpMV      Update-Match   Update-UMC    Total 
==========================================================
     0.15683      0.00004      0.75637      0.91324 
    13.70792      5.71596      4.91430     24.33818 
