**** Reading input matrix: /scratch2/scratchdirs/azad/symmetric/rgg_n_2_24_s0.mtx ******* 
Matrix is Boolean
Matrix is symmetric
Total number of nonzeros expected across all processors is 132557200
File is 2210504057 bytes
Total number of entries read across all processors is 132557200
As a whole: 16777216 rows and 16777216 columns and 265114400 nonzeros
Reader took 21.5125 seconds
Performing random permuation of matrix.
Performed random permuation of matrix.
Threading activated with 12 threads, and matrix split into 12 parts
 #####################################################
 ################## Run 1 ############################
 #####################################################
=======================================================
@@@@@@ Number of processes: 16
=======================================================
It   |  UMRow   |  UMCol   |  newlyMatched   |  Time 
=======================================================
Creating a new MPI data type for 11VertexType1
  1   16777216   16777215    4928756           0.862027
  2   11848460   11848459    3701543           0.727941
  3    8146917    8146916    3015817           0.612619
  4    5131100    5130939    2238322           0.472213
  5    2892778    2880457    1380763           0.336175
  6    1512015    1278105     554835           0.192822
  7     957180     221343      83861           0.056876
  8     873319       9125       3830           0.019339
  9     869489        180         81           0.013325
==========================================================

================individual timings =======================
     SpMV      Update-Match   Update-UMC    Total 
==========================================================
     0.41074      0.22869      0.22260      0.86203 
     0.35423      0.19499      0.17872      0.72794 
     0.29078      0.17344      0.14840      0.61262 
     0.22165      0.12761      0.12296      0.47221 
     0.14781      0.09332      0.09505      0.33618 
     0.08223      0.05301      0.05759      0.19282 
     0.02266      0.01714      0.01708      0.05688 
     0.00998      0.00333      0.00603      0.01934 
     0.00582      0.00285      0.00465      0.01332 
-------------------------------------------------------
     1.54589      0.89438      0.85307      3.29334 
matrix  nprocesses nthreads ncores algorithm Unmatched-Rows  Cardinality Total Time***
/scratch2/scratchdirs/azad/symmetric/rgg_n_2_24_s0.mtx 16 12 192 DMD 869408    15907808     3.293338
-------------------------------------------------------

=======================================================
@@@@@@ Number of processes: 16
=======================================================
It   |  UMRow   |  UMCol   |  newlyMatched   |  Time 
=======================================================
  1   16777216   16777215         54           0.051476
  2   16777162   16777161    2865808           0.821694
  3   13911354   13911196       1334           0.037866
  4   13910020   13909848        138           0.039768
  5   13909882   13909708         27           0.034311
  6   13909855   13909680    2702726           0.726654
  7   11207129   11205422      11550           0.041456
  8   11195579   11193386       2190           0.038228
  9   11193389   11191066        535           0.031694
 10   11192854   11190493        115           0.031648
 11   11192739   11190374         31           0.030614
 12   11192708   11190340    2506681           0.652343
 13    8686027    8675578      49746           0.044793
 14    8636281    8621695      14052           0.043898
 15    8622229    8606160       4716           0.030526
 16    8617513    8600940       1405           0.029580
 17    8616108    8599374        481           0.028671
 18    8615627    8598831        166           0.027986
 19    8615461    8598651         51           0.027312
 20    8615410    8598594         16           0.027210
 21    8615394    8598575    2250940           0.580404
 22    6364454    6323285     130606           0.054587
 23    6233848    6174819      47160           0.043773
 24    6186688    6120305      18669           0.029724
 25    6168019    6098747       7126           0.026466
 26    6160893    6090513       2822           0.024809
 27    6158071    6087167       1109           0.023980
 28    6156962    6085856        449           0.023442
 29    6156513    6085334        191           0.022813
 30    6156322    6085116         68           0.021961
 31    6156254    6085034         25           0.021225
 32    6156229    6085005          9           0.021732
 33    6156220    6084994    1883380           0.488964
 34    4272840    4155777     222169           0.067862
 35    4050671    3889353      89747           0.045647
 36    3960924    3780613      38344           0.030341
 37    3922580    3734189      16098           0.025644
 38    3906482    3714645       6950           0.023158
 39    3899532    3706059       3016           0.021504
 40    3896516    3702324       1337           0.020512
 41    3895179    3700602        543           0.019972
 42    3894636    3699927        239           0.020095
 43    3894397    3699620         95           0.019562
 44    3894302    3699503         40           0.018176
 45    3894262    3699456         20           0.019058
 46    3894242    3699430    1361761           0.383084
 47    2532481    2286934     242163           0.070251
 48    2290318    1982871      94265           0.045263
 49    2196053    1863517      38085           0.028831
 50    2157968    1815272      15684           0.023773
 51    2142284    1795184       6389           0.020617
 52    2135895    1786883       2653           0.018857
 53    2133242    1783491       1120           0.017678
 54    2132122    1782049        477           0.017234
 55    2131645    1781399        202           0.016565
 56    2131443    1781151         74           0.015250
 57    2131369    1781044         34           0.014325
 58    2131335    1780995         12           0.015441
 59    2131323    1780982     778023           0.225133
 60    1353300     972629     166550           0.062222
 61    1186750     758160      55776           0.034991
 62    1130974     685516      18866           0.022999
 63    1112108     660835       6524           0.018808
 64    1105584     652289       2314           0.017166
 65    1103270     649176        835           0.016096
 66    1102435     648069        283           0.018098
 67    1102152     647688         96           0.013792
 68    1102056     647563         31           0.012818
 69    1102025     647527         13           0.012786
 70    1102012     647508     330735           0.111555
 71     771277     306536      74585           0.039765
 72     696692     209911      19175           0.021812
 73     677517     184661       4953           0.017282
 74     672564     178128       1299           0.014930
 75     671265     176375        337           0.013554
 76     670928     175931         87           0.012783
 77     670841     175817         21           0.011362
 78     670820     175783          6           0.010673
 79     670814     175773     101565           0.045760
 80     569249      72152      22561           0.023244
 81     546688      43092       4138           0.016598
 82     542550      37539        701           0.013938
 83     541849      36581        134           0.012372
 84     541715      36404         36           0.011331
 85     541679      36362          7           0.010382
 86     541672      36352      22913           0.022999
 87     518759      13152       4908           0.016793
 88     513851       6989        684           0.013914
 89     513167       6069         90           0.012226
 90     513077       5953         11           0.012244
 91     513066       5939       3991           0.015933
 92     509075       1926        785           0.014018
 93     508290        944         87           0.012121
 94     508203        833          9           0.011069
 95     508194        816        566           0.012785
 96     507628        244        110           0.012318
 97     507518        113         12           0.011862
 98     507506         94         69           0.011763
 99     507437         25         11           0.010896
100     507426         11          8           0.010920
101     507418          3          2           0.010812
==========================================================

================individual timings =======================
     SpMV      Update-Match   Update-UMC    Total 
==========================================================
     0.01148      0.00545      0.03455      0.05148 
     0.43025      0.21174      0.17970      0.82169 
     0.01257      0.00061      0.02468      0.03787 
     0.01216      0.00287      0.02475      0.03977 
     0.00925      0.00038      0.02469      0.03431 
     0.36758      0.20143      0.15764      0.72665 
     0.01458      0.00313      0.02375      0.04146 
     0.01433      0.00217      0.02173      0.03823 
     0.00945      0.00040      0.02185      0.03169 
     0.00863      0.00102      0.02200      0.03165 
     0.00858      0.00055      0.02148      0.03061 
     0.33073      0.17984      0.14178      0.65234 
     0.01778      0.00232      0.02469      0.04479 
     0.01782      0.00523      0.02085      0.04390 
     0.01042      0.00120      0.01891      0.03053 
     0.01010      0.00133      0.01815      0.02958 
     0.00964      0.00122      0.01781      0.02867 
     0.00928      0.00036      0.01835      0.02799 
     0.00804      0.00133      0.01794      0.02731 
     0.00803      0.00121      0.01797      0.02721 
     0.29375      0.16001      0.12664      0.58040 
     0.02274      0.00548      0.02637      0.05459 
     0.01940      0.00454      0.01983      0.04377 
     0.01119      0.00175      0.01679      0.02972 
     0.01031      0.00124      0.01491      0.02647 
     0.00988      0.00131      0.01362      0.02481 
     0.00971      0.00121      0.01306      0.02398 
     0.00941      0.00121      0.01282      0.02344 
     0.00726      0.00180      0.01375      0.02281 
     0.00816      0.00073      0.01307      0.02196 
     0.00812      0.00040      0.01271      0.02122 
     0.00869      0.00032      0.01272      0.02173 
     0.23769      0.14408      0.10719      0.48896 
     0.02875      0.00741      0.03171      0.06786 
     0.02020      0.00478      0.02066      0.04565 
     0.01260      0.00189      0.01585      0.03034 
     0.01073      0.00157      0.01335      0.02564 
     0.00992      0.00138      0.01185      0.02316 
     0.00947      0.00134      0.01070      0.02150 
     0.00923      0.00134      0.00993      0.02051 
     0.00913      0.00145      0.00939      0.01997 
     0.00815      0.00165      0.01030      0.02010 
     0.00722      0.00194      0.01041      0.01956 
     0.00752      0.00089      0.00977      0.01818 
     0.00725      0.00252      0.00928      0.01906 
     0.18236      0.10795      0.09277      0.38308 
     0.03152      0.00680      0.03193      0.07025 
     0.01980      0.00545      0.02001      0.04526 
     0.01240      0.00230      0.01413      0.02883 
     0.01032      0.00191      0.01154      0.02377 
     0.00935      0.00153      0.00973      0.02062 
     0.00898      0.00132      0.00856      0.01886 
     0.00864      0.00141      0.00763      0.01768 
     0.00858      0.00146      0.00719      0.01723 
     0.00729      0.00116      0.00812      0.01657 
     0.00618      0.00135      0.00772      0.01525 
     0.00548      0.00161      0.00723      0.01433 
     0.00652      0.00112      0.00780      0.01544 
     0.10887      0.05875      0.05751      0.22513 
     0.02527      0.01099      0.02596      0.06222 
     0.01679      0.00296      0.01525      0.03499 
     0.01040      0.00222      0.01038      0.02300 
     0.00915      0.00138      0.00828      0.01881 
     0.00853      0.00150      0.00714      0.01717 
     0.00826      0.00200      0.00583      0.01610 
     0.00792      0.00466      0.00552      0.01810 
     0.00587      0.00136      0.00657      0.01379 
     0.00631      0.00092      0.00558      0.01282 
     0.00673      0.00054      0.00551      0.01279 
     0.04438      0.03407      0.03311      0.11155 
     0.01601      0.00670      0.01705      0.03976 
     0.01042      0.00208      0.00931      0.02181 
     0.00881      0.00162      0.00685      0.01728 
     0.00824      0.00148      0.00521      0.01493 
     0.00799      0.00122      0.00434      0.01355 
     0.00574      0.00173      0.00531      0.01278 
     0.00637      0.00063      0.00436      0.01136 
     0.00561      0.00084      0.00422      0.01067 
     0.02027      0.00826      0.01723      0.04576 
     0.01075      0.00282      0.00967      0.02324 
     0.00856      0.00170      0.00634      0.01660 
     0.00817      0.00135      0.00442      0.01394 
     0.00579      0.00168      0.00490      0.01237 
     0.00629      0.00081      0.00423      0.01133 
     0.00603      0.00064      0.00371      0.01038 
     0.01084      0.00301      0.00915      0.02300 
     0.00873      0.00147      0.00659      0.01679 
     0.00813      0.00141      0.00438      0.01391 
     0.00580      0.00167      0.00476      0.01223 
     0.00662      0.00175      0.00388      0.01224 
     0.00833      0.00137      0.00624      0.01593 
     0.00806      0.00145      0.00451      0.01402 
     0.00576      0.00160      0.00476      0.01212 
     0.00583      0.00105      0.00418      0.01107 
     0.00795      0.00068      0.00415      0.01278 
     0.00586      0.00158      0.00488      0.01232 
     0.00699      0.00081      0.00406      0.01186 
     0.00542      0.00158      0.00476      0.01176 
     0.00555      0.00129      0.00406      0.01090 
     0.00588      0.00121      0.00383      0.01092 
     0.00594      0.00121      0.00366      0.01081 
-------------------------------------------------------
     2.93982      1.28949      2.02591      6.25523 
matrix  nprocesses nthreads ncores algorithm Unmatched-Rows  Cardinality Total Time***
/scratch2/scratchdirs/azad/symmetric/rgg_n_2_24_s0.mtx 16 12 192 Karp-Sipser-rand 507416    16269800     6.255230
-------------------------------------------------------

=======================================================
@@@@@@ Number of processes: 16
=======================================================
It   |  UMRow   |  UMCol   |  newlyMatched   |  Time 
=======================================================
  1   16777216   16777215    2865663           0.637942
  2   13911553   13911552    2702232           0.578944
  3   11209321   11209320    2511769           0.510068
  4    8697552    8697551    2281857           0.465225
  5    6415695    6415694    1992758           0.407521
  6    4422937    4422936    1616748           0.332642
  7    2806189    2806188    1135215           0.259124
  8    1670974    1670973     625599           0.151756
  9    1045375    1045374     248396           0.096779
 10     796979     796978      67448           0.067764
 11     729531     729530      12800           0.058673
 12     716731     716730       1752           0.056768
 13     714979     714978        178           0.055787
 14     714801     714800         18           0.055257
 15     714783     714782          1           0.055260
 16     714782     714781          0           0.053705
==========================================================

================individual timings =======================
     SpMV      Update-Match   Update-UMC    Total 
==========================================================
     0.40579      0.22308      0.00907      0.63794 
     0.36686      0.20701      0.00507      0.57894 
     0.32643      0.17994      0.00369      0.51007 
     0.29600      0.16622      0.00301      0.46523 
     0.24748      0.15753      0.00252      0.40752 
     0.20819      0.12246      0.00199      0.33264 
     0.16394      0.09374      0.00144      0.25912 
     0.11342      0.03735      0.00099      0.15176 
     0.07466      0.02132      0.00080      0.09678 
     0.05616      0.01095      0.00066      0.06776 
     0.05329      0.00475      0.00063      0.05867 
     0.05226      0.00390      0.00061      0.05677 
     0.05251      0.00267      0.00061      0.05579 
     0.05226      0.00239      0.00061      0.05526 
     0.05253      0.00211      0.00062      0.05526 
     0.05290      0.00020      0.00061      0.05371 
-------------------------------------------------------
     2.57468      1.23562      0.03291      3.84322 
matrix  nprocesses nthreads ncores algorithm Unmatched-Rows  Cardinality Total Time***
/scratch2/scratchdirs/azad/symmetric/rgg_n_2_24_s0.mtx 16 12 192 Greedy-rand 714782    16062434     3.843215
-------------------------------------------------------

=======================================================
@@@@@@ Number of processes: 16
=======================================================
It   |  UMRow   |  UMCol   |  newlyMatched   |  Time 
=======================================================
  1   16777216   16777215         54           0.042715
  2   16777162   16777161    2864413           1.142150
  3   13912749   13912624       1351           0.025642
  4   13911398   13911257        134           0.022671
  5   13911264   13911120         30           0.019005
  6   13911234   13911086    2767555           0.851319
  7   11143679   11141066      15456           0.033918
  8   11128223   11124687       3628           0.028696
  9   11124595   11120748       1088           0.021028
 10   11123507   11119547        259           0.020240
 11   11123248   11119260         65           0.018642
 12   11123183   11119187         16           0.018130
 13   11123167   11119170    2559548           0.777128
 14    8563619    8544955      71674           0.044957
 15    8491945    8463676      25187           0.032771
 16    8466758    8434662      10045           0.025167
 17    8456713    8423074       3545           0.021430
 18    8453168    8418919       1368           0.020812
 19    8451800    8417316        487           0.020556
 20    8451313    8416741        178           0.019647
 21    8451135    8416536         63           0.017724
 22    8451072    8416461         23           0.017372
 23    8451049    8416435    2260931           0.699667
 24    6190118    6114660     174678           0.069431
 25    6015440    5901793      73897           0.045618
 26    5941543    5811271      33382           0.034120
 27    5908161    5770404      14363           0.028442
 28    5893798    5752800       6195           0.025460
 29    5887603    5745160       2685           0.020753
 30    5884918    5741835       1226           0.019769
 31    5883692    5740319        561           0.019257
 32    5883131    5739597        236           0.020084
 33    5882895    5739302        105           0.017663
 34    5882790    5739177         47           0.016708
 35    5882743    5739123         28           0.016594
 36    5882715    5739086         12           0.016162
 37    5882703    5739073    1828608           0.582100
 38    4054095    3848664     256265           0.097909
 39    3797830    3520534     110896           0.063707
 40    3686934    3378303      50303           0.038612
 41    3636631    3314297      22483           0.030384
 42    3614148    3285721      10109           0.025997
 43    3604039    3272647       4599           0.021255
 44    3599440    3266759       2057           0.019438
 45    3597383    3264093        940           0.018146
 46    3596443    3262893        423           0.018940
 47    3596020    3262326        205           0.018875
 48    3595815    3262064         80           0.016500
 49    3595735    3261964         38           0.015095
 50    3595697    3261923         16           0.015188
 51    3595681    3261901          7           0.015851
 52    3595674    3261890    1262233           0.433509
 53    2333441    1947438     236765           0.095956
 54    2096676    1635626      91302           0.057626
 55    2005374    1515178      36527           0.033249
 56    1968847    1467232      14761           0.025226
 57    1954086    1447901       5891           0.021416
 58    1948195    1440174       2434           0.018411
 59    1945761    1436967        974           0.017303
 60    1944787    1435707        402           0.017589
 61    1944385    1435175        151           0.017019
 62    1944234    1434958         64           0.015124
 63    1944170    1434873         23           0.015394
 64    1944147    1434840         10           0.013597
 65    1944137    1434827     683650           0.263579
 66    1260487     726877     137053           0.074651
 67    1123434     547170      41434           0.038279
 68    1082000     492278      12688           0.023002
 69    1069312     475674       3954           0.020711
 70    1065358     470474       1290           0.016768
 71    1064068     468732        385           0.016295
 72    1063683     468201         93           0.014559
 73    1063590     468074         26           0.013112
 74    1063564     468039         10           0.012482
 75    1063554     468026     268753           0.122443
 76     794801     193201      50909           0.041000
 77     743892     127971      10748           0.024238
 78     733144     113758       2178           0.016646
 79     730966     110923        468           0.015560
 80     730498     110297         79           0.013919
 81     730419     110184         21           0.013876
 82     730398     110159      72716           0.049280
 83     657682      36557      12319           0.024207
 84     645363      21285       1775           0.016341
 85     643588      18995        223           0.013082
 86     643365      18699         32           0.011384
 87     643333      18660      13417           0.025521
 88     629916       5160       2092           0.015446
 89     627824       2602        201           0.013082
 90     627623       2349         17           0.011426
 91     627606       2327       1763           0.015644
 92     625843        558        257           0.013079
 93     625586        246         16           0.010936
 94     625570        226        174           0.012243
 95     625396         52         22           0.010953
 96     625374         26         20           0.010500
 97     625354          6          6           0.010310
==========================================================

================individual timings =======================
     SpMV      Update-Match   Update-UMC    Total 
==========================================================
     0.01025      0.00348      0.02898      0.04271 
     0.40074      0.61134      0.13008      1.14215 
     0.00940      0.00644      0.00981      0.02564 
     0.01140      0.00185      0.00943      0.02267 
     0.00813      0.00105      0.00983      0.01901 
     0.38690      0.32641      0.13801      0.85132 
     0.01395      0.00842      0.01155      0.03392 
     0.01839      0.00138      0.00892      0.02870 
     0.01018      0.00149      0.00936      0.02103 
     0.00972      0.00130      0.00922      0.02024 
     0.00836      0.00183      0.00845      0.01864 
     0.00854      0.00080      0.00878      0.01813 
     0.35801      0.29180      0.12732      0.77713 
     0.01929      0.00859      0.01708      0.04496 
     0.01638      0.00346      0.01293      0.03277 
     0.01124      0.00312      0.01081      0.02517 
     0.01050      0.00171      0.00923      0.02143 
     0.01020      0.00164      0.00897      0.02081 
     0.00997      0.00167      0.00891      0.02056 
     0.00946      0.00142      0.00877      0.01965 
     0.00828      0.00144      0.00800      0.01772 
     0.00874      0.00061      0.00801      0.01737 
     0.34174      0.23266      0.12527      0.69967 
     0.03349      0.01058      0.02536      0.06943 
     0.02295      0.00508      0.01759      0.04562 
     0.01447      0.00585      0.01380      0.03412 
     0.01204      0.00488      0.01152      0.02844 
     0.01085      0.00461      0.01000      0.02546 
     0.01037      0.00182      0.00856      0.02075 
     0.01016      0.00164      0.00797      0.01977 
     0.00997      0.00152      0.00777      0.01926 
     0.00980      0.00169      0.00859      0.02008 
     0.00854      0.00120      0.00792      0.01766 
     0.00665      0.00240      0.00765      0.01671 
     0.00631      0.00240      0.00788      0.01659 
     0.00739      0.00127      0.00750      0.01616 
     0.29350      0.18809      0.10051      0.58210 
     0.04773      0.01909      0.03109      0.09791 
     0.03234      0.01070      0.02066      0.06371 
     0.01786      0.00564      0.01511      0.03861 
     0.01339      0.00507      0.01192      0.03038 
     0.01135      0.00454      0.01011      0.02600 
     0.01052      0.00177      0.00897      0.02126 
     0.01019      0.00177      0.00747      0.01944 
     0.00978      0.00156      0.00681      0.01815 
     0.00959      0.00158      0.00776      0.01894 
     0.00950      0.00155      0.00783      0.01888 
     0.00842      0.00097      0.00711      0.01650 
     0.00711      0.00115      0.00683      0.01509 
     0.00767      0.00082      0.00670      0.01519 
     0.00838      0.00057      0.00691      0.01585 
     0.23474      0.11430      0.08448      0.43351 
     0.04661      0.01851      0.03083      0.09596 
     0.03034      0.00865      0.01863      0.05763 
     0.01633      0.00414      0.01278      0.03325 
     0.01218      0.00317      0.00987      0.02523 
     0.01049      0.00230      0.00863      0.02142 
     0.00981      0.00172      0.00689      0.01841 
     0.00938      0.00166      0.00626      0.01730 
     0.00926      0.00166      0.00666      0.01759 
     0.00914      0.00161      0.00627      0.01702 
     0.00786      0.00143      0.00583      0.01512 
     0.00753      0.00213      0.00573      0.01539 
     0.00540      0.00212      0.00608      0.01360 
     0.13119      0.07904      0.05335      0.26358 
     0.03392      0.01746      0.02327      0.07465 
     0.01871      0.00679      0.01277      0.03828 
     0.01147      0.00257      0.00895      0.02300 
     0.00970      0.00394      0.00707      0.02071 
     0.00918      0.00156      0.00603      0.01677 
     0.00876      0.00159      0.00595      0.01629 
     0.00856      0.00140      0.00460      0.01456 
     0.00595      0.00184      0.00532      0.01311 
     0.00652      0.00108      0.00488      0.01248 
     0.05239      0.03996      0.03010      0.12244 
     0.01903      0.00810      0.01387      0.04100 
     0.01092      0.00511      0.00821      0.02424 
     0.00905      0.00164      0.00595      0.01665 
     0.00858      0.00148      0.00549      0.01556 
     0.00838      0.00142      0.00413      0.01392 
     0.00688      0.00231      0.00469      0.01388 
     0.02292      0.01131      0.01505      0.04928 
     0.01082      0.00524      0.00815      0.02421 
     0.00926      0.00182      0.00526      0.01634 
     0.00794      0.00118      0.00397      0.01308 
     0.00542      0.00169      0.00427      0.01138 
     0.01057      0.00603      0.00892      0.02552 
     0.00842      0.00154      0.00548      0.01545 
     0.00793      0.00131      0.00384      0.01308 
     0.00543      0.00172      0.00428      0.01143 
     0.00750      0.00313      0.00501      0.01564 
     0.00798      0.00118      0.00392      0.01308 
     0.00538      0.00169      0.00386      0.01094 
     0.00682      0.00178      0.00365      0.01224 
     0.00547      0.00165      0.00384      0.01095 
     0.00442      0.00206      0.00403      0.01050 
     0.00483      0.00166      0.00382      0.01031 
-------------------------------------------------------
     3.25948      2.18940      1.62654      7.07542 
matrix  nprocesses nthreads ncores algorithm Unmatched-Rows  Cardinality Total Time***
/scratch2/scratchdirs/azad/symmetric/rgg_n_2_24_s0.mtx 16 12 192 Karp-Sipser 625348    16151868     7.075416
-------------------------------------------------------

=======================================================
@@@@@@ Number of processes: 16
=======================================================
It   |  UMRow   |  UMCol   |  newlyMatched   |  Time 
=======================================================
  1   16777216   16777215    2864436           1.001163
  2   13912780   13912779    2768085           0.718985
  3   11144695   11144694    2567447           0.655162
  4    8577248    8577247    2309829           0.572737
  5    6267419    6267418    1993147           0.507746
  6    4274272    4274271    1589057           0.446292
  7    2685215    2685214    1069903           0.331320
  8    1615312    1615311     530815           0.230222
  9    1084497    1084496     173673           0.157455
 10     910824     910823      35633           0.118641
 11     875191     875190       4817           0.102085
 12     870374     870373        468           0.099693
 13     869906     869905         41           0.098782
 14     869865     869864          2           0.098682
 15     869863     869862          0           0.096438
==========================================================

================individual timings =======================
     SpMV      Update-Match   Update-UMC    Total 
==========================================================
     0.40282      0.59147      0.00687      1.00116 
     0.39207      0.32589      0.00102      0.71898 
     0.37084      0.28416      0.00016      0.65516 
     0.35512      0.21760      0.00002      0.57274 
     0.32027      0.18747      0.00000      0.50775 
     0.28009      0.16620      0.00000      0.44629 
     0.22747      0.10385      0.00000      0.33132 
     0.16863      0.06159      0.00000      0.23022 
     0.12668      0.03077      0.00000      0.15745 
     0.10576      0.01288      0.00000      0.11864 
     0.09770      0.00438      0.00000      0.10208 
     0.09582      0.00387      0.00000      0.09969 
     0.09547      0.00331      0.00000      0.09878 
     0.09538      0.00330      0.00000      0.09868 
     0.09592      0.00052      0.00000      0.09644 
-------------------------------------------------------
     3.23006      1.99725      0.00809      5.23540 
matrix  nprocesses nthreads ncores algorithm Unmatched-Rows  Cardinality Total Time***
/scratch2/scratchdirs/azad/symmetric/rgg_n_2_24_s0.mtx 16 12 192 Greedy 869863    15907353     5.235402
-------------------------------------------------------

 #####################################################
 ################## Run 2 ############################
 #####################################################
=======================================================
@@@@@@ Number of processes: 16
=======================================================
It   |  UMRow   |  UMCol   |  newlyMatched   |  Time 
=======================================================
  1   16777216   16777215    4928756           0.872499
  2   11848460   11848459    3701543           0.689711
  3    8146917    8146916    3015817           0.590341
  4    5131100    5130939    2238322           0.483319
  5    2892778    2880457    1380763           0.352676
  6    1512015    1278105     554835           0.193822
  7     957180     221343      83861           0.058117
  8     873319       9125       3830           0.019670
  9     869489        180         81           0.013782
==========================================================

================individual timings =======================
     SpMV      Update-Match   Update-UMC    Total 
==========================================================
     0.42005      0.24150      0.21095      0.87250 
     0.35811      0.17569      0.15592      0.68971 
     0.28877      0.16062      0.14096      0.59034 
     0.21939      0.14221      0.12172      0.48332 
     0.16014      0.09675      0.09579      0.35268 
     0.08862      0.04805      0.05715      0.19382 
     0.02534      0.01532      0.01746      0.05812 
     0.01084      0.00242      0.00641      0.01967 
     0.00582      0.00267      0.00530      0.01378 
-------------------------------------------------------
     1.57705      0.88523      0.81165      3.27394 
matrix  nprocesses nthreads ncores algorithm Unmatched-Rows  Cardinality Total Time***
/scratch2/scratchdirs/azad/symmetric/rgg_n_2_24_s0.mtx 16 12 192 DMD 869408    15907808     3.273937
-------------------------------------------------------

=======================================================
@@@@@@ Number of processes: 16
=======================================================
It   |  UMRow   |  UMCol   |  newlyMatched   |  Time 
=======================================================
  1   16777216   16777215         54           0.042657
  2   16777162   16777161    2865663           0.792338
  3   13911499   13911337       1316           0.039526
  4   13910183   13910000        135           0.039287
  5   13910048   13909865         28           0.036063
  6   13910020   13909836    2702342           0.712336
  7   11207678   11205954      11469           0.042795
  8   11196209   11194000       2225           0.042185
  9   11193984   11191642        566           0.036023
 10   11193418   11191033        106           0.032380
 11   11193312   11190915         31           0.032221
 12   11193281   11190881         11           0.032036
 13   11193270   11190869    2506311           0.645808
 14    8686959    8676531      49379           0.045496
 15    8637580    8622946      13877           0.044233
 16    8623703    8607657       4685           0.032056
 17    8619018    8602452       1436           0.030837
 18    8617582    8600869        451           0.029456
 19    8617131    8600368        137           0.029417
 20    8616994    8600218         45           0.028516
 21    8616949    8600165         19           0.028222
 22    8616930    8600142    2251141           0.574202
 23    6365789    6324432     130920           0.055035
 24    6234869    6175430      47737           0.038255
 25    6187132    6120026      18917           0.030944
 26    6168215    6098210       7038           0.027379
 27    6161177    6090054       2729           0.025756
 28    6158448    6086865       1029           0.024948
 29    6157419    6085653        406           0.024158
 30    6157013    6085175        170           0.023690
 31    6156843    6084973         67           0.024149
 32    6156776    6084892         21           0.022230
 33    6156755    6084868    1883128           0.482368
 34    4273627    4156076     221682           0.064227
 35    4051945    3890101      89144           0.048360
 36    3962801    3781988      37969           0.031967
 37    3924832    3736241      16147           0.026404
 38    3908685    3716510       6965           0.023994
 39    3901720    3707886       3068           0.022342
 40    3898652    3704091       1373           0.021272
 41    3897279    3702385        596           0.020666
 42    3896683    3701642        247           0.019820
 43    3896436    3701333         98           0.019154
 44    3896338    3701212         43           0.017484
 45    3896295    3701153         19           0.017700
 46    3896276    3701132    1362317           0.368923
 47    2533959    2288710     242432           0.067125
 48    2291527    1984269      94585           0.043376
 49    2196942    1864286      38456           0.029156
 50    2158486    1815748      16054           0.024161
 51    2142432    1795182       6710           0.021313
 52    2135722    1786570       2861           0.019635
 53    2132861    1782815       1172           0.018395
 54    2131689    1781271        464           0.017819
 55    2131225    1780649        180           0.017275
 56    2131045    1780396         84           0.015883
 57    2130961    1780279         36           0.015167
 58    2130925    1780228     779039           0.226020
 59    1351886     970820     166693           0.059712
 60    1185193     756470      55933           0.036338
 61    1129260     683335      18900           0.023204
 62    1110360     658786       6526           0.021452
 63    1103834     650080       2353           0.020289
 64    1101481     646919        836           0.017120
 65    1100645     645801        268           0.016396
 66    1100377     645452        100           0.018278
 67    1100277     645322         36           0.014428
 68    1100241     645269         16           0.014731
 69    1100225     645250     329559           0.111305
 70     770666     305468      74205           0.040287
 71     696461     209350      18997           0.023228
 72     677464     184492       4950           0.018638
 73     672514     177969       1287           0.016449
 74     671227     176241        390           0.014571
 75     670837     175696         93           0.014191
 76     670744     175571         19           0.013339
 77     670725     175548     101221           0.046733
 78     569504      72239      22345           0.024593
 79     547159      43645       4239           0.017958
 80     542920      38011        747           0.015730
 81     542173      37007        123           0.013998
 82     542050      36840         16           0.012886
 83     542034      36821      23016           0.024863
 84     519018      13494       5001           0.018400
 85     514017       7111        691           0.015613
 86     513326       6179         74           0.014016
 87     513252       6074          8           0.012670
 88     513244       6059       4021           0.017283
 89     509223       2010        831           0.014770
 90     508392        981         86           0.013775
 91     508306        864         10           0.012014
 92     508296        850        576           0.014668
 93     507720        269        104           0.013678
 94     507616        139          8           0.012152
 95     507608        128         84           0.012939
 96     507524         42         16           0.012024
 97     507508         20         15           0.011034
 98     507493          5          5           0.010867
==========================================================

================individual timings =======================
     SpMV      Update-Match   Update-UMC    Total 
==========================================================
     0.01064      0.00327      0.02875      0.04266 
     0.40613      0.21870      0.16751      0.79234 
     0.01284      0.00122      0.02546      0.03953 
     0.01057      0.00304      0.02568      0.03929 
     0.00920      0.00117      0.02570      0.03606 
     0.36786      0.19452      0.14996      0.71234 
     0.01564      0.00273      0.02443      0.04279 
     0.01216      0.00762      0.02241      0.04219 
     0.01059      0.00270      0.02273      0.03602 
     0.00809      0.00194      0.02234      0.03238 
     0.00881      0.00086      0.02255      0.03222 
     0.00858      0.00109      0.02237      0.03204 
     0.32443      0.18580      0.13558      0.64581 
     0.01730      0.00296      0.02523      0.04550 
     0.01736      0.00494      0.02193      0.04423 
     0.01086      0.00128      0.01991      0.03206 
     0.01045      0.00128      0.01911      0.03084 
     0.01004      0.00038      0.01903      0.02946 
     0.00770      0.00205      0.01967      0.02942 
     0.00796      0.00135      0.01921      0.02852 
     0.00850      0.00069      0.01903      0.02822 
