**** Reading input matrix: /scratch2/scratchdirs/azad/unsymmetric/it-2004.mtx ******* 
Matrix is Boolean
Total number of nonzeros expected across all processors is 1150725436
File is 20241588318 bytes
Total number of entries read across all processors is 1150725436
As a whole: 41291594 rows and 41291594 columns and 1150725436 nonzeros
Reader took 45.5384 seconds
Performing random permuation of matrix.
Performed random permuation of matrix.
Threading activated with 12 threads, and matrix split into 12 parts
 #####################################################
 ################## Run 1 ############################
 #####################################################
=======================================================
@@@@@@ Number of processes: 81
=======================================================
It   |  UMRow   |  UMCol   |  newlyMatched   |  Time 
=======================================================
Creating a new MPI data type for 11VertexType1
  1   41291594   41289056   18920789           0.968945
  2   22370805    8272666    3510744           0.426947
  3   18860061    3229894    1175722           0.440744
  4   17684339    1634717     528353           0.181880
  5   17155986     938063     261153           0.131176
  6   16894833     598161     136888           0.100699
  7   16757945     421515      77398           0.077194
  8   16680547     317043      46992           0.058593
  9   16633555     249577      29907           0.050501
 10   16603648     206255      19898           0.054142
 11   16583750     178366      14439           0.062192
 12   16569311     158607      11200           0.034066
 13   16558111     143455       8965           0.025637
 14   16549146     132052       7441           0.024191
 15   16541705     119626       6418           0.024083
 16   16535287     112136       5556           0.022983
 17   16529731     105232       4970           0.023029
 18   16524761      99108       4308           0.020377
 19   16520453      93505       3891           0.023992
 20   16516562      87676       3516           0.023288
 21   16513046      82673       3226           0.022452
 22   16509820      78961       2914           0.021885
 23   16506906      75176       2668           0.022261
 24   16504238      71407       2446           0.022091
 25   16501792      68081       2277           0.021316
 26   16499515      64390       2036           0.020385
 27   16497479      59953       1910           0.018392
 28   16495569      56387       1808           0.018405
 29   16493761      53469       1664           0.018451
 30   16492097      51228       1580           0.019329
 31   16490517      48942       1450           0.018920
 32   16489067      45854       1341           0.017716
 33   16487726      43967       1219           0.017144
 34   16486507      42312       1202           0.016593
 35   16485305      40484       1146           0.016589
 36   16484159      39156       1146           0.017653
 37   16483013      37936       1064           0.017198
 38   16481949      36565       1030           0.017497
 39   16480919      35313        984           0.016328
 40   16479935      34300        892           0.017013
 41   16479043      32969        862           0.016546
 42   16478181      32107        806           0.016100
 43   16477375      31247        761           0.016040
 44   16476614      30484        739           0.016533
 45   16475875      29541        708           0.017868
 46   16475167      28812        684           0.017002
 47   16474483      28109        636           0.016241
 48   16473847      26750        635           0.016019
 49   16473212      25369        605           0.015810
 50   16472607      24761        597           0.015928
 51   16472010      24103        549           0.015366
 52   16471461      23554        549           0.016128
 53   16470912      23005        536           0.016204
 54   16470376      22469        515           0.015469
 55   16469861      21954        544           0.015468
 56   16469317      21410        502           0.015380
 57   16468815      20444        461           0.015432
 58   16468354      19717        441           0.015603
 59   16467913      18767        440           0.015185
 60   16467473      18320        403           0.014797
 61   16467070      17917        401           0.017837
 62   16466669      17500        368           0.018936
 63   16466301      16618        373           0.019376
 64   16465928      16245        354           0.017538
 65   16465574      15821        359           0.018688
 66   16465215      15462        336           0.017205
 67   16464879      15097        368           0.018573
 68   16464511      14728        324           0.017046
 69   16464187      14404        319           0.017044
 70   16463868      14080        310           0.017673
 71   16463558      13241        284           0.016920
 72   16463274      12940        276           0.016279
 73   16462998      12275        268           0.015422
 74   16462730      11665        262           0.015556
 75   16462468      11403        249           0.015990
 76   16462219      11152        243           0.017050
 77   16461976      10909        229           0.015192
 78   16461747      10680        211           0.014589
 79   16461536      10130        212           0.014763
 80   16461324       9918        207           0.014605
 81   16461117       9711        225           0.015046
 82   16460892       9486        209           0.015956
 83   16460683       9277        195           0.014736
 84   16460488       9082        198           0.014625
 85   16460290       8884        179           0.014559
 86   16460111       8705        179           0.014584
 87   16459932       8526        172           0.014699
 88   16459760       8353        162           0.014292
 89   16459598       8191        158           0.015064
 90   16459440       7708        152           0.014693
 91   16459288       7556        149           0.014967
 92   16459139       7391        137           0.015083
 93   16459002       7254        139           0.014648
 94   16458863       7115        133           0.014421
 95   16458730       6982        133           0.014673
 96   16458597       6849        133           0.014435
 97   16458464       6716        126           0.013734
 98   16458338       6590        123           0.014278
 99   16458215       6467        124           0.014909
100   16458091       6343        118           0.014189
101   16457973       6225        117           0.013633
102   16457856       6108        111           0.016216
103   16457745       5997        110           0.015948
104   16457635       5887        102           0.014399
105   16457533       5566         96           0.014340
106   16457437       5470         96           0.017356
107   16457341       5374         95           0.018113
108   16457246       5257         92           0.017751
109   16457154       5165         89           0.020804
110   16457065       5076         88           0.016785
111   16456977       4988         87           0.015952
112   16456890       4901         87           0.016186
113   16456803       4814         82           0.015425
114   16456721       4732         79           0.017836
115   16456642       4653         77           0.015021
116   16456565       4576         78           0.015044
117   16456487       4489         68           0.015066
118   16456419       4421         63           0.014892
119   16456356       4268         55           0.014985
120   16456301       4178         57           0.015374
121   16456244       4121         56           0.016306
122   16456188       4065         56           0.016797
123   16456132       4009         53           0.015002
124   16456079       3956         56           0.013450
125   16456023       3888         54           0.014190
126   16455969       3834         54           0.013825
127   16455915       3780         53           0.014040
128   16455862       3727         53           0.013492
129   16455809       3674         52           0.013708
130   16455757       3622         51           0.013638
131   16455706       3571         50           0.013669
132   16455656       3521         50           0.013256
133   16455606       3471         49           0.014177
134   16455557       3422         49           0.013488
135   16455508       3373         48           0.014059
136   16455460       3325         46           0.013621
137   16455414       3279         46           0.013544
138   16455368       3233         46           0.014081
139   16455322       3187         44           0.013490
140   16455278       3143         45           0.013446
141   16455233       3098         43           0.013852
142   16455190       3055         42           0.013680
143   16455148       3013         41           0.013995
144   16455107       2972         40           0.013552
145   16455067       2932         38           0.013616
146   16455029       2894         35           0.013632
147   16454994       2859         36           0.014648
148   16454958       2823         35           0.013814
149   16454923       2788         32           0.013438
150   16454891       2756         33           0.013643
151   16454858       2723         27           0.014287
152   16454831       2696         21           0.018290
153   16454810       2675         29           0.016195
154   16454781       2646         26           0.015874
155   16454755       2620         24           0.016793
156   16454731       2596         23           0.016025
157   16454708       2573         20           0.015768
158   16454688       2553         19           0.016184
159   16454669       2534         19           0.016594
160   16454650       2515         17           0.016717
161   16454633       2498         16           0.015781
162   16454617       2482         16           0.015888
163   16454601       2466         14           0.015156
164   16454587       2452         14           0.014652
165   16454573       2438         28           0.014230
166   16454545       2410         25           0.015532
167   16454520       2385         21           0.014954
168   16454499       2364         20           0.013904
169   16454479       2344         23           0.015134
170   16454456       2321         21           0.014326
171   16454435       2300         23           0.013929
172   16454412       2277         20           0.014176
173   16454392       2257         20           0.013271
174   16454372       2237         19           0.013210
175   16454353       2218         15           0.013427
176   16454338       2203         14           0.013370
177   16454324       2189         13           0.013050
178   16454311       2176         14           0.013025
179   16454297       2162         20           0.012692
180   16454277       2142         19           0.012835
181   16454258       2123         19           0.013486
182   16454239       2104         19           0.012936
183   16454220       2085         19           0.013082
184   16454201       2066         20           0.013019
185   16454181       2046         15           0.012923
186   16454166       2031         15           0.012987
187   16454151       2016         16           0.012907
188   16454135       2000         16           0.012760
189   16454119       1984         16           0.012951
190   16454103       1968         15           0.012956
191   16454088       1953         14           0.013265
192   16454074       1939         14           0.013324
193   16454060       1925         14           0.013488
194   16454046       1911         14           0.013164
195   16454032       1897         12           0.013085
196   16454020       1885         12           0.012824
197   16454008       1873         12           0.014292
198   16453996       1855          9           0.015193
199   16453987       1846          8           0.014578
200   16453979       1838          8           0.017912
201   16453971       1830          7           0.015378
202   16453964       1823          7           0.013268
203   16453957       1816          7           0.016037
204   16453950       1809          6           0.016938
205   16453944       1803         10           0.015873
206   16453934       1793         10           0.016380
207   16453924       1783         10           0.016332
208   16453914       1773          9           0.014641
209   16453905       1764          9           0.014598
210   16453896       1755          9           0.015583
211   16453887       1746          8           0.014319
212   16453879       1738          8           0.016829
213   16453871       1730          8           0.013817
214   16453863       1722         10           0.013361
215   16453853       1712         10           0.014191
216   16453843       1702          9           0.014024
217   16453834       1693          9           0.014222
218   16453825       1684          9           0.015022
219   16453816       1675          9           0.015906
220   16453807       1666          9           0.013526
221   16453798       1657          9           0.013218
222   16453789       1648          9           0.013120
223   16453780       1639          9           0.013008
224   16453771       1630          9           0.012821
225   16453762       1621          9           0.013164
226   16453753       1612          8           0.013347
227   16453745       1604          8           0.012888
228   16453737       1596          8           0.012860
229   16453729       1588          6           0.013225
230   16453723       1582          6           0.013035
231   16453717       1576          6           0.013222
232   16453711       1570          6           0.013437
233   16453705       1564          6           0.013140
234   16453699       1558          3           0.014532
235   16453696       1555          3           0.012906
236   16453693       1552          3           0.012898
237   16453690       1549          3           0.012917
238   16453687       1546          3           0.012927
239   16453684       1543          3           0.013147
240   16453681       1540          3           0.012865
241   16453678       1537          3           0.013028
242   16453675       1534          3           0.012943
243   16453672       1531          3           0.013407
244   16453669       1528          3           0.012817
245   16453666       1525          3           0.013325
246   16453663         16          1           0.010649
247   16453662         15          1           0.011603
248   16453661         14          1           0.009966
249   16453660         13          1           0.009773
250   16453659         12          1           0.009747
251   16453658         11          1           0.009985
252   16453657         10          1           0.010038
253   16453656          9          1           0.010114
254   16453655          8          1           0.009701
255   16453654          7          1           0.009951
256   16453653          6          1           0.009565
257   16453652          5          1           0.009895
258   16453651          4          1           0.009716
259   16453650          3          1           0.013094
==========================================================

================individual timings =======================
     SpMV      Update-Match   Update-UMC    Total 
==========================================================
     0.36039      0.44105      0.16750      0.96895 
     0.19375      0.17819      0.05500      0.42695 
     0.14854      0.26392      0.02829      0.44074 
     0.10646      0.05100      0.02442      0.18188 
     0.07938      0.03416      0.01764      0.13118 
     0.06074      0.02723      0.01273      0.10070 
     0.04388      0.02288      0.01043      0.07719 
     0.03407      0.01575      0.00878      0.05859 
     0.02682      0.01582      0.00786      0.05050 
     0.02302      0.02307      0.00804      0.05414 
     0.02681      0.02835      0.00703      0.06219 
     0.02359      0.00453      0.00595      0.03407 
     0.01501      0.00498      0.00564      0.02564 
     0.01403      0.00469      0.00547      0.02419 
     0.01385      0.00482      0.00541      0.02408 
     0.01341      0.00425      0.00533      0.02298 
     0.01288      0.00487      0.00529      0.02303 
     0.01150      0.00376      0.00512      0.02038 
     0.01238      0.00586      0.00575      0.02399 
     0.01193      0.00601      0.00535      0.02329 
     0.01230      0.00536      0.00480      0.02245 
     0.01151      0.00554      0.00483      0.02188 
     0.01120      0.00632      0.00474      0.02226 
     0.01171      0.00578      0.00461      0.02209 
     0.01149      0.00515      0.00467      0.02132 
     0.01088      0.00483      0.00467      0.02039 
     0.01067      0.00354      0.00417      0.01839 
     0.01020      0.00406      0.00414      0.01841 
     0.01031      0.00397      0.00417      0.01845 
     0.01048      0.00451      0.00433      0.01933 
     0.01036      0.00419      0.00437      0.01892 
     0.01035      0.00330      0.00407      0.01772 
     0.00976      0.00323      0.00415      0.01714 
     0.00968      0.00277      0.00414      0.01659 
     0.00972      0.00280      0.00407      0.01659 
     0.00960      0.00341      0.00464      0.01765 
     0.00984      0.00309      0.00427      0.01720 
     0.00959      0.00362      0.00429      0.01750 
     0.00950      0.00282      0.00401      0.01633 
     0.00964      0.00333      0.00404      0.01701 
     0.00937      0.00314      0.00403      0.01655 
     0.00934      0.00274      0.00402      0.01610 
     0.00952      0.00259      0.00393      0.01604 
     0.00925      0.00311      0.00417      0.01653 
     0.00932      0.00387      0.00468      0.01787 
     0.00927      0.00309      0.00464      0.01700 
     0.00928      0.00304      0.00391      0.01624 
     0.00902      0.00309      0.00391      0.01602 
     0.00914      0.00273      0.00394      0.01581 
     0.00897      0.00272      0.00424      0.01593 
     0.00895      0.00279      0.00363      0.01537 
     0.00910      0.00300      0.00403      0.01613 
     0.00907      0.00283      0.00431      0.01620 
     0.00891      0.00270      0.00386      0.01547 
     0.00894      0.00274      0.00379      0.01547 
     0.00889      0.00292      0.00356      0.01538 
     0.00889      0.00271      0.00384      0.01543 
     0.00885      0.00295      0.00380      0.01560 
     0.00894      0.00247      0.00377      0.01518 
     0.00874      0.00265      0.00341      0.01480 
     0.00876      0.00531      0.00376      0.01784 
     0.00952      0.00516      0.00426      0.01894 
     0.00960      0.00568      0.00410      0.01938 
     0.00917      0.00476      0.00361      0.01754 
     0.00947      0.00539      0.00383      0.01869 
     0.00898      0.00439      0.00384      0.01720 
     0.00931      0.00525      0.00401      0.01857 
     0.00901      0.00420      0.00384      0.01705 
     0.00899      0.00418      0.00387      0.01704 
     0.00877      0.00471      0.00419      0.01767 
     0.00894      0.00374      0.00423      0.01692 
     0.00906      0.00376      0.00346      0.01628 
     0.00881      0.00317      0.00345      0.01542 
     0.00868      0.00340      0.00348      0.01556 
     0.00881      0.00328      0.00390      0.01599 
     0.00868      0.00447      0.00390      0.01705 
     0.00872      0.00256      0.00391      0.01519 
     0.00846      0.00262      0.00350      0.01459 
     0.00876      0.00239      0.00361      0.01476 
     0.00857      0.00250      0.00354      0.01461 
     0.00854      0.00302      0.00349      0.01505 
     0.00877      0.00324      0.00394      0.01596 
     0.00847      0.00281      0.00346      0.01474 
     0.00846      0.00279      0.00337      0.01462 
     0.00839      0.00264      0.00353      0.01456 
     0.00854      0.00254      0.00350      0.01458 
     0.00839      0.00277      0.00354      0.01470 
     0.00834      0.00217      0.00378      0.01429 
     0.00835      0.00309      0.00361      0.01506 
     0.00834      0.00256      0.00380      0.01469 
     0.00830      0.00299      0.00368      0.01497 
     0.00835      0.00278      0.00395      0.01508 
     0.00835      0.00253      0.00376      0.01465 
     0.00832      0.00257      0.00353      0.01442 
     0.00837      0.00267      0.00364      0.01467 
     0.00837      0.00237      0.00370      0.01444 
     0.00832      0.00197      0.00345      0.01373 
     0.00834      0.00249      0.00344      0.01428 
     0.00834      0.00269      0.00388      0.01491 
     0.00829      0.00237      0.00353      0.01419 
     0.00830      0.00187      0.00346      0.01363 
     0.00827      0.00447      0.00348      0.01622 
     0.00871      0.00375      0.00349      0.01595 
     0.00845      0.00234      0.00360      0.01440 
     0.00826      0.00254      0.00354      0.01434 
     0.00843      0.00488      0.00404      0.01736 
     0.00876      0.00549      0.00386      0.01811 
     0.00873      0.00516      0.00386      0.01775 
     0.00995      0.00725      0.00361      0.02080 
     0.00893      0.00427      0.00359      0.01678 
     0.00858      0.00379      0.00358      0.01595 
     0.00859      0.00390      0.00370      0.01619 
     0.00859      0.00313      0.00370      0.01542 
     0.00831      0.00586      0.00367      0.01784 
     0.00858      0.00279      0.00365      0.01502 
     0.00861      0.00294      0.00350      0.01504 
     0.00856      0.00260      0.00390      0.01507 
     0.00844      0.00300      0.00346      0.01489 
     0.00831      0.00278      0.00389      0.01499 
     0.00821      0.00358      0.00359      0.01537 
     0.00843      0.00413      0.00374      0.01631 
     0.00824      0.00460      0.00395      0.01680 
     0.00858      0.00279      0.00363      0.01500 
     0.00849      0.00153      0.00342      0.01345 
     0.00843      0.00222      0.00354      0.01419 
     0.00816      0.00208      0.00358      0.01382 
     0.00836      0.00224      0.00344      0.01404 
     0.00819      0.00183      0.00348      0.01349 
     0.00810      0.00235      0.00326      0.01371 
     0.00828      0.00219      0.00316      0.01364 
     0.00809      0.00236      0.00322      0.01367 
     0.00814      0.00181      0.00331      0.01326 
     0.00815      0.00268      0.00335      0.01418 
     0.00815      0.00207      0.00326      0.01349 
     0.00821      0.00256      0.00329      0.01406 
     0.00819      0.00185      0.00358      0.01362 
     0.00825      0.00173      0.00356      0.01354 
     0.00814      0.00243      0.00351      0.01408 
     0.00812      0.00181      0.00357      0.01349 
     0.00812      0.00180      0.00352      0.01345 
     0.00807      0.00197      0.00381      0.01385 
     0.00807      0.00186      0.00375      0.01368 
     0.00822      0.00203      0.00375      0.01400 
     0.00814      0.00188      0.00354      0.01355 
     0.00816      0.00197      0.00349      0.01362 
     0.00805      0.00190      0.00368      0.01363 
     0.00809      0.00260      0.00395      0.01465 
     0.00805      0.00206      0.00371      0.01381 
     0.00821      0.00174      0.00349      0.01344 
     0.00811      0.00206      0.00348      0.01364 
     0.00858      0.00224      0.00346      0.01429 
     0.00829      0.00599      0.00401      0.01829 
     0.00840      0.00399      0.00380      0.01620 
     0.00846      0.00366      0.00376      0.01587 
     0.00856      0.00458      0.00366      0.01679 
     0.00838      0.00404      0.00361      0.01603 
     0.00848      0.00357      0.00372      0.01577 
     0.00851      0.00397      0.00370      0.01618 
     0.00849      0.00428      0.00383      0.01659 
     0.00832      0.00463      0.00376      0.01672 
     0.00823      0.00393      0.00362      0.01578 
     0.00849      0.00363      0.00377      0.01589 
     0.00849      0.00301      0.00366      0.01516 
     0.00808      0.00305      0.00352      0.01465 
     0.00833      0.00238      0.00352      0.01423 
     0.00829      0.00321      0.00403      0.01553 
     0.00827      0.00299      0.00370      0.01495 
     0.00810      0.00261      0.00319      0.01390 
     0.00825      0.00308      0.00380      0.01513 
     0.00809      0.00293      0.00330      0.01433 
     0.00904      0.00193      0.00296      0.01393 
     0.00834      0.00271      0.00312      0.01418 
     0.00813      0.00199      0.00316      0.01327 
     0.00809      0.00177      0.00335      0.01321 
     0.00830      0.00168      0.00345      0.01343 
     0.00804      0.00216      0.00317      0.01337 
     0.00809      0.00184      0.00312      0.01305 
     0.00806      0.00212      0.00285      0.01303 
     0.00798      0.00181      0.00290      0.01269 
     0.00800      0.00192      0.00291      0.01284 
     0.00804      0.00246      0.00298      0.01349 
     0.00837      0.00161      0.00295      0.01294 
     0.00803      0.00209      0.00296      0.01308 
     0.00811      0.00176      0.00315      0.01302 
     0.00799      0.00199      0.00294      0.01292 
     0.00801      0.00191      0.00306      0.01299 
     0.00798      0.00209      0.00284      0.01291 
     0.00800      0.00184      0.00292      0.01276 
     0.00800      0.00201      0.00294      0.01295 
     0.00795      0.00204      0.00297      0.01296 
     0.00919      0.00104      0.00303      0.01326 
     0.00805      0.00186      0.00341      0.01332 
     0.00813      0.00205      0.00331      0.01349 
     0.00804      0.00189      0.00324      0.01316 
     0.00803      0.00181      0.00325      0.01309 
     0.00796      0.00184      0.00303      0.01282 
     0.00814      0.00262      0.00352      0.01429 
     0.00816      0.00307      0.00396      0.01519 
     0.00812      0.00340      0.00306      0.01458 
     0.00887      0.00593      0.00311      0.01791 
     0.00816      0.00408      0.00314      0.01538 
     0.00840      0.00204      0.00282      0.01327 
     0.00830      0.00469      0.00305      0.01604 
     0.00853      0.00528      0.00313      0.01694 
     0.00848      0.00444      0.00295      0.01587 
     0.00819      0.00489      0.00330      0.01638 
     0.00813      0.00525      0.00296      0.01633 
     0.00811      0.00373      0.00280      0.01464 
     0.00824      0.00329      0.00306      0.01460 
     0.00851      0.00401      0.00306      0.01558 
     0.00823      0.00310      0.00299      0.01432 
     0.00802      0.00511      0.00371      0.01683 
     0.00812      0.00270      0.00299      0.01382 
     0.00803      0.00230      0.00303      0.01336 
     0.00799      0.00306      0.00313      0.01419 
     0.00804      0.00281      0.00317      0.01402 
     0.00811      0.00304      0.00307      0.01422 
     0.00810      0.00341      0.00352      0.01502 
     0.00804      0.00403      0.00383      0.01591 
     0.00825      0.00191      0.00337      0.01353 
     0.00795      0.00202      0.00324      0.01322 
     0.00802      0.00185      0.00325      0.01312 
     0.00804      0.00187      0.00310      0.01301 
     0.00798      0.00178      0.00307      0.01282 
     0.00803      0.00185      0.00328      0.01316 
     0.00799      0.00215      0.00321      0.01335 
     0.00797      0.00182      0.00310      0.01289 
     0.00806      0.00175      0.00305      0.01286 
     0.00801      0.00202      0.00319      0.01322 
     0.00799      0.00193      0.00312      0.01303 
     0.00798      0.00198      0.00326      0.01322 
     0.00810      0.00209      0.00325      0.01344 
     0.00809      0.00194      0.00311      0.01314 
     0.00794      0.00343      0.00315      0.01453 
     0.00796      0.00176      0.00319      0.01291 
     0.00796      0.00184      0.00310      0.01290 
     0.00800      0.00184      0.00307      0.01292 
     0.00789      0.00191      0.00312      0.01293 
     0.00813      0.00192      0.00311      0.01315 
     0.00799      0.00176      0.00311      0.01286 
     0.00796      0.00180      0.00327      0.01303 
     0.00799      0.00179      0.00317      0.01294 
     0.00853      0.00171      0.00317      0.01341 
     0.00792      0.00180      0.00310      0.01282 
     0.00794      0.00225      0.00314      0.01333 
     0.00575      0.00176      0.00314      0.01065 
     0.00630      0.00237      0.00294      0.01160 
     0.00613      0.00094      0.00290      0.00997 
     0.00608      0.00095      0.00275      0.00977 
     0.00607      0.00095      0.00273      0.00975 
     0.00611      0.00110      0.00278      0.00998 
     0.00607      0.00094      0.00303      0.01004 
     0.00619      0.00091      0.00302      0.01011 
     0.00609      0.00098      0.00263      0.00970 
     0.00614      0.00124      0.00258      0.00995 
     0.00610      0.00101      0.00246      0.00956 
     0.00632      0.00110      0.00248      0.00990 
     0.00607      0.00100      0.00264      0.00972 
     0.00653      0.00347      0.00309      0.01309 
-------------------------------------------------------
     3.25026      1.83997      1.23995      6.33018 
matrix  nprocesses nthreads ncores algorithm Unmatched-Rows  Cardinality Total Time***
/scratch2/scratchdirs/azad/unsymmetric/it-2004.mtx 81 12 972 DMD 16453649    24837945     6.330182
-------------------------------------------------------

=======================================================
@@@@@@ Number of processes: 81
=======================================================
It   |  UMRow   |  UMCol   |  newlyMatched   |  Time 
=======================================================
  1   41291594   41289056    3774818           0.144042
  2   37516776   26163999    1696621           0.064128
  3   35820155   23352968     533259           0.042786
  4   35286896   22494580     279280           0.032785
  5   35007616   22094230     144520           0.027508
  6   34863096   21895724      77232           0.026221
  7   34785864   21790311      50122           0.024631
  8   34735742   21723711      28382           0.022925
  9   34707360   21683783      18159           0.022425
 10   34689201   21657523      13475           0.022597
 11   34675726   21638131      11061           0.021284
 12   34664665   21621965       8966           0.021072
 13   34655699   21609192       6584           0.021883
 14   34649115   21599228       5134           0.022539
 15   34643981   21591372       3885           0.024405
 16   34640096   21585228       3952           0.024580
 17   34636144   21578467       3228           0.023495
 18   34632916   21573334       2956           0.023547
 19   34629960   21568757       2305           0.023487
 20   34627655   21565179       1589           0.022679
 21   34626066   21562796       1405           0.022299
 22   34624661   21560692       1239           0.021396
 23   34623422   21558878       1092           0.021524
 24   34622330   21557257        971           0.021077
 25   34621359   21555825        861           0.022600
 26   34620498   21554515        780           0.019778
 27   34619718   21553201        643           0.020314
 28   34619075   21552041        597           0.020239
 29   34618478   21551157        558           0.019755
 30   34617920   21550235        492           0.019135
 31   34617428   21549363        439           0.019600
 32   34616989   21548773        382           0.019986
 33   34616607   21548265        366           0.020568
 34   34616241   21547728        345           0.019656
 35   34615896   21547250        338           0.020231
 36   34615558   21546804        335           0.019560
 37   34615223   21546381        312           0.019760
 38   34614911   21545952        333           0.018772
 39   34614578   21545546        253           0.019867
 40   34614325   21545197        276           0.023627
 41   34614049   21544807        252           0.022020
 42   34613797   21544470        211           0.021262
 43   34613586   21544175        206           0.021177
 44   34613380   21543872        192           0.022722
 45   34613188   21543615        184           0.021569
 46   34613004   21543349        167           0.019833
 47   34612837   21543129        167           0.019265
 48   34612670   21542902        153           0.020733
 49   34612517   21542692        144           0.019546
 50   34612373   21542500        138           0.021498
 51   34612235   21542296        145           0.019587
 52   34612090   21542103        143           0.019053
 53   34611947   21541894        131           0.018997
 54   34611816   21541641        135           0.019151
 55   34611681   21541411        128           0.019352
 56   34611553   21541212        124           0.019480
 57   34611429   21541047        121           0.019149
 58   34611308   21540878        112           0.018840
 59   34611196   21540703        109           0.018872
 60   34611087   21540541        103           0.018735
 61   34610984   21540391        100           0.019217
 62   34610884   21540247         97           0.020638
 63   34610787   21540100         97           0.019124
 64   34610690   21539960         97           0.020294
 65   34610593   21539812         93           0.019937
 66   34610500   21539657         92           0.019279
 67   34610408   21539509         70           0.022565
 68   34610338   21539418         66           0.023670
 69   34610272   21539314         61           0.021958
 70   34610211   21539227         60           0.022348
 71   34610151   21539127         58           0.022384
 72   34610093   21539066         56           0.020142
 73   34610037   21538991         56           0.020612
 74   34609981   21538923         52           0.020773
 75   34609929   21538854         49           0.020434
 76   34609880   21538799         47           0.021853
 77   34609833   21538718         51           0.020033
 78   34609782   21538648         45           0.020605
 79   34609737   21538579         48           0.020355
 80   34609689   21538502         43           0.019427
 81   34609646   21538429         49           0.020037
 82   34609597   21538365         47           0.019062
 83   34609550   21538290         45           0.019473
 84   34609505   21538241         45           0.020642
 85   34609460   21538181         43           0.019856
 86   34609417   21538113         42           0.020038
 87   34609375   21538038         40           0.019685
 88   34609335   21537980         35           0.019538
 89   34609300   21537908         32           0.019525
 90   34609268   21537866         29           0.019881
 91   34609239   21537834         27           0.020051
 92   34609212   21537804         26           0.020399
 93   34609186   21537778         25           0.020491
 94   34609161   21537753         24           0.021048
 95   34609137   21537729         24           0.022110
 96   34609113   21537705         24           0.023128
 97   34609089   21537681         24           0.023061
 98   34609065   21537657         24           0.022323
 99   34609041   21537633         23           0.022119
100   34609018   21537610         23           0.020811
101   34608995   21537587         21           0.021356
102   34608974   21537566         20           0.022106
103   34608954   21537546         20           0.020337
104   34608934   21537526         20           0.020230
105   34608914   21537506         20           0.020308
106   34608894   21537486         20           0.021027
107   34608874   21537466         20           0.020035
108   34608854   21537445         19           0.020855
109   34608835   21537426         19           0.020691
110   34608816   21537407         17           0.019923
111   34608799   21537390         17           0.020688
112   34608782   21537373         17           0.020462
113   34608765   21537356         17           0.022351
114   34608748   21537339         17           0.020089
115   34608731   21537322         17           0.019535
116   34608714   21537305         17           0.019800
117   34608697   21537288         17           0.022970
118   34608680   21537271         17           0.024410
119   34608663   21537254         16           0.023394
120   34608647   21537238         16           0.022253
121   34608631   21537222         15           0.022611
122   34608616   21537207         15           0.021608
123   34608601   21537192         15           0.021075
124   34608586   21537177         15           0.020918
125   34608571   21537162         15           0.021106
126   34608556   21537147         15           0.022407
127   34608541   21537132         15           0.021073
128   34608526   21537117         15           0.019815
129   34608511   21537102         15           0.020880
130   34608496   21537087         14           0.019880
131   34608482   21537073         14           0.020237
132   34608468   21537059         14           0.020333
133   34608454   21537045         13           0.021249
134   34608441   21537032         13           0.019441
135   34608428   21537019         13           0.019813
136   34608415   21537006         13           0.021022
137   34608402   21536993         13           0.020548
138   34608389   21536980         13           0.020397
139   34608376   21536967         13           0.020594
140   34608363   21536954         13           0.019915
141   34608350   21536941         13           0.022300
142   34608337   21536928         13           0.022133
143   34608324   21536915         13           0.022706
144   34608311   21536902    2603299           0.498262
145   32005012   18853299     907425           0.048742
146   31097587   17324029     614178           0.038235
147   30483409   16551282     354106           0.030889
148   30129303   16134477     129231           0.024998
149   30000072   15979322      58528           0.024628
150   29941544   15907982      33850           0.023070
151   29907694   15866254      22563           0.022969
152   29885131   15838133      14587           0.022495
153   29870544   15820331      10022           0.024298
154   29860522   15807854       6976           0.022311
155   29853546   15798996       5328           0.020294
156   29848218   15792189       3911           0.020092
157   29844307   15787153       3161           0.019117
158   29841146   15782936       2690           0.019567
159   29838456   15779252       2073           0.019414
160   29836383   15776134       1691           0.019198
161   29834692   15773698       1477           0.018144
162   29833215   15771609       1221           0.018056
163   29831994   15769904       1118           0.017566
164   29830876   15768593       1012           0.017491
165   29829864   15767398        835           0.017284
166   29829029   15766369        761           0.016960
167   29828268   15765505        726           0.016475
168   29827542   15764648        610           0.016527
169   29826932   15763916        580           0.016348
170   29826352   15763213        525           0.017151
171   29825827   15762572        494           0.016712
172   29825333   15761999        435           0.016089
173   29824898   15761518        402           0.016189
174   29824496   15761090        392           0.016556
175   29824104   15760669        360           0.016397
176   29823744   15760248        320           0.016532
177   29823424   15759846        302           0.016897
