**** Reading input matrix: /scratch2/scratchdirs/azad/unsymmetric/amazon0312.mtx ******* 
Matrix is Boolean
Total number of nonzeros expected across all processors is 3200440
File is 42238461 bytes
Total number of entries read across all processors is 3200440
As a whole: 400727 rows and 400727 columns and 3200440 nonzeros
Reader took 0.796475 seconds
Performing random permuation of matrix.
Performed random permuation of matrix.
Threading activated with 12 threads, and matrix split into 12 parts
 #####################################################
 ################## Run 1 ############################
 #####################################################
=======================================================
@@@@@@ Number of processes: 4
=======================================================
It   |  UMRow   |  UMCol   |  newlyMatched   |  Time 
=======================================================
Creating a new MPI data type for 11VertexType1
  1     400727     400727     246142           0.050261
  2     154585     137076      80549           0.031660
  3      74036      50776      30265           0.020955
  4      43771      16343      10206           0.011221
  5      33565       4106       2762           0.004546
  6      30803        766        612           0.001719
  7      30191         91         89           0.001117
  8      30102          1          1           0.000902
==========================================================

================individual timings =======================
     SpMV      Update-Match   Update-UMC    Total 
==========================================================
     0.01378      0.02468      0.01180      0.05026 
     0.01324      0.01024      0.00817      0.03166 
     0.00942      0.00633      0.00521      0.02096 
     0.00518      0.00364      0.00241      0.01122 
     0.00263      0.00119      0.00073      0.00455 
     0.00053      0.00087      0.00032      0.00172 
     0.00026      0.00064      0.00021      0.00112 
     0.00018      0.00055      0.00017      0.00090 
-------------------------------------------------------
     0.04522      0.04814      0.02902      0.12238 
matrix  nprocesses nthreads ncores algorithm Unmatched-Rows  Cardinality Total Time***
/scratch2/scratchdirs/azad/unsymmetric/amazon0312.mtx 4 12 48 DMD 30101    370626     0.122381
-------------------------------------------------------

=======================================================
@@@@@@ Number of processes: 4
=======================================================
It   |  UMRow   |  UMCol   |  newlyMatched   |  Time 
=======================================================
  1     400727     400727      54602           0.015732
  2     346125     335957      17302           0.010998
  3     328823     317033       6696           0.008456
  4     322127     309852       2872           0.005985
  5     319255     306814       1304           0.004876
  6     317951     305413        585           0.004681
  7     317366     304793        255           0.004426
  8     317111     304520        127           0.004890
  9     316984     304382         57           0.004809
 10     316927     304320         18           0.004304
 11     316909     304298      85566           0.039999
 12     231343     214913      20665           0.010829
 13     210678     190919       9093           0.005578
 14     201585     180650       4435           0.004848
 15     197150     175639       2381           0.004067
 16     194769     172957       1369           0.003246
 17     193400     171457        846           0.003072
 18     192554     170526        512           0.003241
 19     192042     169954        321           0.003146
 20     191721     169596        185           0.002905
 21     191536     169376        118           0.002807
 22     191418     169240         71           0.002751
 23     191347     169164         44           0.002762
 24     191303     169117         28           0.002670
 25     191275     169088         18           0.002667
 26     191257     169070      56446           0.027087
 27     134811     109051      15437           0.007914
 28     119374      89745       6719           0.004496
 29     112655      81460       3311           0.003461
 30     109344      77492       1669           0.002542
 31     107675      75497        893           0.002204
 32     106782      74424        498           0.002031
 33     106284      73810        312           0.001949
 34     105972      73444        166           0.001891
 35     105806      73239         97           0.001820
 36     105709      73127         51           0.001730
 37     105658      73063         28           0.001705
 38     105630      73030         21           0.001686
 39     105609      73005         11           0.001874
 40     105598      72994      31072           0.016888
 41      74526      40097       7628           0.004997
 42      66898      30300       2700           0.002561
 43      64198      26852       1012           0.001754
 44      63186      25585        335           0.001487
 45      62851      25158        111           0.001382
 46      62740      25026         32           0.001233
 47      62708      24987         10           0.001199
 48      62698      24974      12997           0.008418
 49      49701      11490       2806           0.003126
 50      46895       7998        761           0.001583
 51      46134       7006        160           0.001267
 52      45974       6804         32           0.001091
 53      45942       6761       4194           0.003787
 54      41748       2477        858           0.001610
 55      40890       1457        193           0.001557
 56      40697       1226         10           0.001103
 57      40687       1216        860           0.001537
 58      39827        346        178           0.001194
 59      39649        157         28           0.001036
 60      39621        125         98           0.001110
 61      39523         25         18           0.000996
 62      39505          7          5           0.000983
 63      39500          2          2           0.000937
==========================================================

================individual timings =======================
     SpMV      Update-Match   Update-UMC    Total 
==========================================================
     0.00349      0.00466      0.00759      0.01573 
     0.00336      0.00170      0.00594      0.01100 
     0.00185      0.00176      0.00484      0.00846 
     0.00120      0.00090      0.00389      0.00599 
     0.00056      0.00073      0.00359      0.00488 
     0.00049      0.00071      0.00349      0.00468 
     0.00045      0.00062      0.00337      0.00443 
     0.00041      0.00065      0.00383      0.00489 
     0.00048      0.00059      0.00374      0.00481 
     0.00046      0.00059      0.00326      0.00430 
     0.01660      0.01407      0.00933      0.04000 
     0.00360      0.00250      0.00474      0.01083 
     0.00163      0.00138      0.00257      0.00558 
     0.00131      0.00108      0.00246      0.00485 
     0.00104      0.00088      0.00215      0.00407 
     0.00054      0.00076      0.00195      0.00325 
     0.00047      0.00070      0.00191      0.00307 
     0.00051      0.00068      0.00205      0.00324 
     0.00065      0.00065      0.00185      0.00315 
     0.00040      0.00062      0.00188      0.00290 
     0.00035      0.00060      0.00186      0.00281 
     0.00035      0.00060      0.00180      0.00275 
     0.00033      0.00062      0.00180      0.00276 
     0.00031      0.00059      0.00177      0.00267 
     0.00032      0.00059      0.00176      0.00267 
     0.01268      0.00961      0.00480      0.02709 
     0.00221      0.00258      0.00313      0.00791 
     0.00128      0.00141      0.00181      0.00450 
     0.00073      0.00121      0.00152      0.00346 
     0.00057      0.00085      0.00113      0.00254 
     0.00047      0.00074      0.00100      0.00220 
     0.00042      0.00068      0.00094      0.00203 
     0.00037      0.00066      0.00092      0.00195 
     0.00035      0.00066      0.00088      0.00189 
     0.00031      0.00067      0.00084      0.00182 
     0.00029      0.00061      0.00083      0.00173 
     0.00028      0.00062      0.00081      0.00170 
     0.00028      0.00061      0.00080      0.00169 
     0.00028      0.00069      0.00090      0.00187 
     0.00863      0.00559      0.00268      0.01689 
     0.00178      0.00178      0.00144      0.00500 
     0.00086      0.00096      0.00075      0.00256 
     0.00050      0.00071      0.00054      0.00175 
     0.00038      0.00066      0.00044      0.00149 
     0.00032      0.00064      0.00042      0.00138 
     0.00026      0.00062      0.00036      0.00123 
     0.00023      0.00061      0.00035      0.00120 
     0.00394      0.00301      0.00147      0.00842 
     0.00120      0.00114      0.00078      0.00313 
     0.00040      0.00077      0.00042      0.00158 
     0.00031      0.00069      0.00026      0.00127 
     0.00024      0.00063      0.00023      0.00109 
     0.00147      0.00158      0.00074      0.00379 
     0.00048      0.00074      0.00039      0.00161 
     0.00032      0.00084      0.00039      0.00156 
     0.00028      0.00064      0.00018      0.00110 
     0.00039      0.00083      0.00032      0.00154 
     0.00031      0.00065      0.00023      0.00119 
     0.00022      0.00062      0.00019      0.00104 
     0.00023      0.00064      0.00024      0.00111 
     0.00021      0.00062      0.00017      0.00100 
     0.00020      0.00062      0.00016      0.00098 
     0.00016      0.00061      0.00017      0.00094 
-------------------------------------------------------
     0.08495      0.08702      0.11700      0.28897 
matrix  nprocesses nthreads ncores algorithm Unmatched-Rows  Cardinality Total Time***
/scratch2/scratchdirs/azad/unsymmetric/amazon0312.mtx 4 12 48 Karp-Sipser-rand 39498    361229     0.288973
-------------------------------------------------------

=======================================================
@@@@@@ Number of processes: 4
=======================================================
It   |  UMRow   |  UMCol   |  newlyMatched   |  Time 
=======================================================
  1     400727     400727     109009           0.037294
  2     291718     291718      90106           0.029875
  3     201612     201612      71740           0.021545
  4     129872     129872      41939           0.013511
  5      87933      87933      13320           0.006674
  6      74613      74613       2605           0.004915
  7      72008      72008        301           0.003724
  8      71707      71707         21           0.003614
  9      71686      71686          1           0.003505
 10      71685      71685          0           0.003065
==========================================================

================individual timings =======================
     SpMV      Update-Match   Update-UMC    Total 
==========================================================
     0.01850      0.01772      0.00108      0.03729 
     0.01467      0.01450      0.00070      0.02988 
     0.01049      0.01061      0.00045      0.02155 
     0.00757      0.00568      0.00026      0.01351 
     0.00396      0.00257      0.00014      0.00667 
     0.00333      0.00147      0.00011      0.00491 
     0.00292      0.00069      0.00011      0.00372 
     0.00286      0.00064      0.00011      0.00361 
     0.00281      0.00059      0.00011      0.00350 
     0.00288      0.00008      0.00011      0.00306 
-------------------------------------------------------
     0.06998      0.05456      0.00318      0.12772 
matrix  nprocesses nthreads ncores algorithm Unmatched-Rows  Cardinality Total Time***
/scratch2/scratchdirs/azad/unsymmetric/amazon0312.mtx 4 12 48 Greedy-rand 71685    329042     0.127723
-------------------------------------------------------

=======================================================
@@@@@@ Number of processes: 4
=======================================================
It   |  UMRow   |  UMCol   |  newlyMatched   |  Time 
=======================================================
  1     400727     400727      54602           0.018734
  2     346125     335957      17302           0.009974
  3     328823     317033       6696           0.006537
  4     322127     309852       2872           0.005778
  5     319255     306814       1304           0.004420
  6     317951     305413        585           0.004122
  7     317366     304793        255           0.004021
  8     317111     304520        127           0.003918
  9     316984     304382         57           0.003872
 10     316927     304320         18           0.004720
 11     316909     304298      86255           0.047818
 12     230654     213896      21013           0.009312
 13     209641     189636       9034           0.004687
 14     200607     179439       4460           0.003158
 15     196147     174383       2338           0.003417
 16     193809     171754       1303           0.002086
 17     192506     170312        759           0.001908
 18     191747     169482        453           0.001806
 19     191294     168984        277           0.001734
 20     191017     168676        185           0.001712
 21     190832     168467        112           0.001665
 22     190720     168347         66           0.002103
 23     190654     168277         40           0.001553
 24     190614     168232         26           0.001552
 25     190588     168203         10           0.001740
 26     190578     168192      61859           0.028334
 27     128719     101963      16309           0.007342
 28     112410      81695       6303           0.004031
 29     106107      74043       2881           0.002835
 30     103226      70622       1403           0.002018
 31     101823      68968        712           0.001650
 32     101111      68126        376           0.001524
 33     100735      67681        193           0.001477
 34     100542      67465        108           0.001348
 35     100434      67343         57           0.001323
 36     100377      67278         27           0.001382
 37     100350      67247         14           0.001275
 38     100336      67229          9           0.001700
 39     100327      67218      30985           0.016942
 40      69342      34266       7137           0.004878
 41      62205      25235       2066           0.002279
 42      60139      22691        654           0.001607
 43      59485      21877        212           0.001342
 44      59273      21608         62           0.001215
 45      59211      21532         22           0.001164
 46      59189      21504         11           0.001129
 47      59178      21487      12144           0.007815
 48      47034       8810       2523           0.002497
 49      44511       5785        557           0.001537
 50      43954       5124        107           0.001174
 51      43847       4998         19           0.001058
 52      43828       4977       3319           0.003598
 53      40509       1530        711           0.001859
 54      39798        724        110           0.001111
 55      39688        600         21           0.001008
 56      39667        578        427           0.002122
 57      39240        131         94           0.001281
 58      39146         22         18           0.001073
 59      39128          2          2           0.000961
==========================================================

================individual timings =======================
     SpMV      Update-Match   Update-UMC    Total 
==========================================================
     0.00534      0.00485      0.00855      0.01873 
     0.00292      0.00193      0.00512      0.00997 
     0.00095      0.00118      0.00441      0.00654 
     0.00105      0.00094      0.00379      0.00578 
     0.00049      0.00080      0.00313      0.00442 
     0.00043      0.00072      0.00297      0.00412 
     0.00036      0.00067      0.00299      0.00402 
     0.00033      0.00065      0.00293      0.00392 
     0.00034      0.00064      0.00289      0.00387 
     0.00033      0.00064      0.00375      0.00472 
     0.01584      0.02578      0.00620      0.04782 
     0.00342      0.00285      0.00304      0.00931 
     0.00173      0.00139      0.00157      0.00469 
     0.00088      0.00111      0.00116      0.00316 
     0.00149      0.00097      0.00096      0.00342 
     0.00051      0.00076      0.00082      0.00209 
     0.00045      0.00074      0.00072      0.00191 
     0.00041      0.00071      0.00069      0.00181 
     0.00038      0.00067      0.00068      0.00173 
     0.00035      0.00067      0.00069      0.00171 
     0.00034      0.00066      0.00066      0.00167 
     0.00038      0.00105      0.00066      0.00210 
     0.00031      0.00064      0.00060      0.00155 
     0.00032      0.00063      0.00060      0.00155 
     0.00035      0.00077      0.00061      0.00174 
     0.01260      0.01157      0.00416      0.02833 
     0.00242      0.00271      0.00222      0.00734 
     0.00112      0.00170      0.00121      0.00403 
     0.00085      0.00122      0.00076      0.00284 
     0.00055      0.00088      0.00059      0.00202 
     0.00044      0.00073      0.00047      0.00165 
     0.00038      0.00070      0.00044      0.00152 
     0.00038      0.00070      0.00039      0.00148 
     0.00032      0.00065      0.00038      0.00135 
     0.00030      0.00063      0.00039      0.00132 
     0.00029      0.00075      0.00034      0.00138 
     0.00030      0.00063      0.00034      0.00128 
     0.00026      0.00064      0.00080      0.00170 
     0.00885      0.00563      0.00246      0.01694 
     0.00163      0.00200      0.00125      0.00488 
     0.00067      0.00101      0.00060      0.00228 
     0.00044      0.00078      0.00039      0.00161 
     0.00034      0.00067      0.00033      0.00134 
     0.00031      0.00063      0.00028      0.00121 
     0.00027      0.00063      0.00027      0.00116 
     0.00024      0.00064      0.00026      0.00113 
     0.00244      0.00397      0.00141      0.00782 
     0.00072      0.00119      0.00059      0.00250 
     0.00039      0.00077      0.00037      0.00154 
     0.00028      0.00065      0.00025      0.00117 
     0.00021      0.00063      0.00021      0.00106 
     0.00082      0.00211      0.00067      0.00360 
     0.00039      0.00114      0.00033      0.00186 
     0.00025      0.00064      0.00022      0.00111 
     0.00020      0.00063      0.00018      0.00101 
     0.00031      0.00153      0.00028      0.00212 
     0.00028      0.00076      0.00025      0.00128 
     0.00028      0.00062      0.00018      0.00107 
     0.00018      0.00060      0.00018      0.00096 
-------------------------------------------------------
     0.07940      0.10318      0.08366      0.26624 
matrix  nprocesses nthreads ncores algorithm Unmatched-Rows  Cardinality Total Time***
/scratch2/scratchdirs/azad/unsymmetric/amazon0312.mtx 4 12 48 Karp-Sipser 39126    361601     0.266237
-------------------------------------------------------

=======================================================
@@@@@@ Number of processes: 4
=======================================================
It   |  UMRow   |  UMCol   |  newlyMatched   |  Time 
=======================================================
  1     400727     400727     108912           0.049870
  2     291815     291815     104465           0.033609
  3     187350     187350      73597           0.023657
  4     113753     113753      34706           0.014842
  5      79047      79047       8795           0.008110
  6      70252      70252       1357           0.004806
  7      68895      68895        111           0.004218
  8      68784      68784          1           0.004617
  9      68783      68783          0           0.003256
==========================================================

================individual timings =======================
     SpMV      Update-Match   Update-UMC    Total 
==========================================================
     0.01877      0.03004      0.00107      0.04987 
     0.01453      0.01872      0.00036      0.03361 
     0.01230      0.01123      0.00013      0.02366 
     0.00781      0.00698      0.00005      0.01484 
     0.00486      0.00322      0.00004      0.00811 
     0.00374      0.00103      0.00003      0.00481 
     0.00353      0.00065      0.00003      0.00422 
     0.00400      0.00059      0.00003      0.00462 
     0.00315      0.00008      0.00003      0.00326 
-------------------------------------------------------
     0.07269      0.07253      0.00177      0.14699 
matrix  nprocesses nthreads ncores algorithm Unmatched-Rows  Cardinality Total Time***
/scratch2/scratchdirs/azad/unsymmetric/amazon0312.mtx 4 12 48 Greedy 68783    331944     0.146985
-------------------------------------------------------

 #####################################################
 ################## Run 2 ############################
 #####################################################
=======================================================
@@@@@@ Number of processes: 4
=======================================================
It   |  UMRow   |  UMCol   |  newlyMatched   |  Time 
=======================================================
  1     400727     400727     246142           0.051997
  2     154585     137076      80549           0.027534
  3      74036      50776      30265           0.016447
  4      43771      16343      10206           0.008438
  5      33565       4106       2762           0.003523
  6      30803        766        612           0.001617
  7      30191         91         89           0.001205
  8      30102          1          1           0.000995
==========================================================

================individual timings =======================
     SpMV      Update-Match   Update-UMC    Total 
==========================================================
     0.01903      0.02275      0.01022      0.05200 
     0.01127      0.01051      0.00575      0.02753 
     0.00867      0.00473      0.00304      0.01645 
     0.00388      0.00308      0.00148      0.00844 
     0.00120      0.00170      0.00063      0.00352 
     0.00044      0.00087      0.00031      0.00162 
     0.00028      0.00072      0.00021      0.00120 
     0.00023      0.00059      0.00017      0.00099 
-------------------------------------------------------
     0.04500      0.04494      0.02181      0.11176 
matrix  nprocesses nthreads ncores algorithm Unmatched-Rows  Cardinality Total Time***
/scratch2/scratchdirs/azad/unsymmetric/amazon0312.mtx 4 12 48 DMD 30101    370626     0.111756
-------------------------------------------------------

=======================================================
@@@@@@ Number of processes: 4
=======================================================
It   |  UMRow   |  UMCol   |  newlyMatched   |  Time 
=======================================================
  1     400727     400727      54602           0.017861
  2     346125     335957      17302           0.009836
  3     328823     317033       6696           0.007505
  4     322127     309852       2872           0.005474
  5     319255     306814       1304           0.004602
  6     317951     305413        585           0.004347
  7     317366     304793        255           0.005996
  8     317111     304520        127           0.004187
  9     316984     304382         57           0.004095
 10     316927     304320         18           0.004065
 11     316909     304298      85722           0.040351
 12     231187     214704      20655           0.009103
 13     210532     190779       9294           0.005727
 14     201238     180226       4471           0.004047
 15     196767     175145       2334           0.003410
 16     194433     172490       1331           0.002966
 17     193102     170994        824           0.002715
 18     192278     170099        467           0.002648
 19     191811     169580        298           0.002427
 20     191513     169245        169           0.002490
 21     191344     169060         96           0.002417
 22     191248     168955         49           0.002364
 23     191199     168904         27           0.002340
 24     191172     168873         18           0.002314
 25     191154     168854         13           0.002429
 26     191141     168841      56384           0.026871
 27     134757     108988      15654           0.007407
 28     119103      89465       6875           0.004765
 29     112228      80976       3281           0.002875
 30     108947      77086       1684           0.002267
 31     107263      75112        895           0.001987
 32     106368      74056        471           0.001828
 33     105897      73509        247           0.001726
 34     105650      73193        140           0.001663
 35     105510      73027         80           0.001625
 36     105430      72933         40           0.001557
 37     105390      72888         12           0.001551
 38     105378      72873         10           0.001570
 39     105368      72862      30993           0.016239
 40      74375      39996       7590           0.004641
 41      66785      30286       2636           0.002393
 42      64149      26911        926           0.001749
 43      63223      25760        308           0.001492
 44      62915      25366        117           0.001329
 45      62798      25210         38           0.001208
 46      62760      25160         15           0.001204
 47      62745      25140          8           0.001223
 48      62737      25130      13190           0.007726
 49      49547      11451       2906           0.002557
 50      46641       7857        761           0.001603
 51      45880       6858        166           0.001273
 52      45714       6661         32           0.001148
 53      45682       6620       4078           0.003257
 54      41604       2445        859           0.001586
 55      40745       1424        186           0.001233
 56      40559       1205         15           0.001837
 57      40544       1189        836           0.001627
 58      39708        340        176           0.001296
 59      39532        143         18           0.001050
 60      39514        123        103           0.001162
 61      39411         19         16           0.001047
 62      39395          3          3           0.001016
==========================================================

================individual timings =======================
     SpMV      Update-Match   Update-UMC    Total 
==========================================================
     0.00473      0.00477      0.00835      0.01786 
     0.00243      0.00196      0.00544      0.00984 
     0.00190      0.00130      0.00431      0.00750 
     0.00123      0.00093      0.00331      0.00547 
     0.00059      0.00078      0.00323      0.00460 
     0.00052      0.00071      0.00312      0.00435 
     0.00044      0.00243      0.00313      0.00600 
     0.00040      0.00072      0.00307      0.00419 
     0.00041      0.00066      0.00303      0.00410 
     0.00039      0.00065      0.00303      0.00407 
     0.01666      0.01602      0.00767      0.04035 
     0.00280      0.00219      0.00411      0.00910 
     0.00170      0.00148      0.00255      0.00573 
     0.00084      0.00108      0.00212      0.00405 
     0.00068      0.00089      0.00184      0.00341 
     0.00053      0.00079      0.00164      0.00297 
     0.00047      0.00074      0.00151      0.00271 
     0.00044      0.00075      0.00146      0.00265 
     0.00043      0.00070      0.00130      0.00243 
     0.00036      0.00066      0.00147      0.00249 
     0.00035      0.00065      0.00142      0.00242 
     0.00034      0.00065      0.00137      0.00236 
     0.00033      0.00064      0.00137      0.00234 
     0.00032      0.00063      0.00136      0.00231 
     0.00031      0.00071      0.00140      0.00243 
     0.01254      0.00998      0.00435      0.02687 
     0.00212      0.00228      0.00301      0.00741 
     0.00178      0.00138      0.00161      0.00477 
     0.00078      0.00099      0.00110      0.00288 
     0.00053      0.00084      0.00089      0.00227 
     0.00045      0.00077      0.00077      0.00199 
     0.00042      0.00070      0.00071      0.00183 
     0.00036      0.00069      0.00068      0.00173 
     0.00034      0.00066      0.00066      0.00166 
     0.00031      0.00066      0.00066      0.00163 
     0.00029      0.00065      0.00062      0.00156 
     0.00029      0.00063      0.00063      0.00155 
     0.00030      0.00063      0.00064      0.00157 
     0.00777      0.00591      0.00256      0.01624 
     0.00131      0.00172      0.00161      0.00464 
     0.00069      0.00097      0.00073      0.00239 
     0.00047      0.00077      0.00051      0.00175 
     0.00036      0.00074      0.00039      0.00149 
     0.00030      0.00066      0.00036      0.00133 
     0.00025      0.00064      0.00032      0.00121 
     0.00025      0.00064      0.00031      0.00120 
     0.00026      0.00064      0.00033      0.00122 
     0.00311      0.00318      0.00144      0.00773 
     0.00080      0.00110      0.00066      0.00256 
     0.00042      0.00081      0.00038      0.00160 
     0.00032      0.00068      0.00028      0.00127 
     0.00025      0.00064      0.00026      0.00115 
     0.00091      0.00159      0.00075      0.00326 
     0.00044      0.00077      0.00037      0.00159 
     0.00030      0.00067      0.00026      0.00123 
     0.00022      0.00135      0.00026      0.00184 
     0.00040      0.00090      0.00032      0.00163 
     0.00031      0.00075      0.00024      0.00130 
     0.00023      0.00064      0.00018      0.00105 
     0.00025      0.00066      0.00025      0.00116 
     0.00023      0.00063      0.00018      0.00105 
     0.00021      0.00062      0.00019      0.00102 
-------------------------------------------------------
     0.08017      0.09206      0.10208      0.27431 
matrix  nprocesses nthreads ncores algorithm Unmatched-Rows  Cardinality Total Time***
/scratch2/scratchdirs/azad/unsymmetric/amazon0312.mtx 4 12 48 Karp-Sipser-rand 39392    361335     0.274306
-------------------------------------------------------

=======================================================
@@@@@@ Number of processes: 4
=======================================================
It   |  UMRow   |  UMCol   |  newlyMatched   |  Time 
=======================================================
  1     400727     400727     108191           0.038401
  2     292536     292536      90208           0.030763
  3     202328     202328      71965           0.023029
  4     130363     130363      42247           0.014913
  5      88116      88116      13674           0.006966
  6      74442      74442       2564           0.004234
  7      71878      71878        338           0.003622
  8      71540      71540         24           0.003545
  9      71516      71516          0           0.003109
==========================================================

================individual timings =======================
     SpMV      Update-Match   Update-UMC    Total 
==========================================================
     0.01850      0.01883      0.00107      0.03840 
     0.01377      0.01628      0.00071      0.03076 
     0.01046      0.01211      0.00045      0.02303 
     0.00820      0.00645      0.00026      0.01491 
     0.00390      0.00293      0.00014      0.00697 
     0.00300      0.00112      0.00011      0.00423 
     0.00280      0.00071      0.00011      0.00362 
     0.00277      0.00067      0.00011      0.00354 
     0.00292      0.00008      0.00011      0.00311 
-------------------------------------------------------
     0.06633      0.05918      0.00307      0.12858 
matrix  nprocesses nthreads ncores algorithm Unmatched-Rows  Cardinality Total Time***
/scratch2/scratchdirs/azad/unsymmetric/amazon0312.mtx 4 12 48 Greedy-rand 71516    329211     0.128582
-------------------------------------------------------

=======================================================
@@@@@@ Number of processes: 4
=======================================================
It   |  UMRow   |  UMCol   |  newlyMatched   |  Time 
=======================================================
  1     400727     400727      54602           0.019069
  2     346125     335957      17302           0.010471
  3     328823     317033       6696           0.007018
  4     322127     309852       2872           0.005461
  5     319255     306814       1304           0.004282
  6     317951     305413        585           0.004125
  7     317366     304793        255           0.003926
  8     317111     304520        127           0.003825
  9     316984     304382         57           0.003804
 10     316927     304320         18           0.004888
 11     316909     304298      86255           0.046549
 12     230654     213896      21013           0.008636
 13     209641     189636       9034           0.005377
 14     200607     179439       4460           0.003103
 15     196147     174383       2338           0.002925
 16     193809     171754       1303           0.002410
 17     192506     170312        759           0.001951
 18     191747     169482        453           0.001833
 19     191294     168984        277           0.001746
 20     191017     168676        185           0.001706
 21     190832     168467        112           0.001675
 22     190720     168347         66           0.001609
 23     190654     168277         40           0.001682
 24     190614     168232         26           0.002519
 25     190588     168203         10           0.001581
 26     190578     168192      61859           0.028540
 27     128719     101963      16309           0.007922
 28     112410      81695       6303           0.004570
 29     106107      74043       2881           0.002679
 30     103226      70622       1403           0.001997
 31     101823      68968        712           0.001671
 32     101111      68126        376           0.001538
 33     100735      67681        193           0.001414
 34     100542      67465        108           0.001577
 35     100434      67343         57           0.001355
 36     100377      67278         27           0.001278
 37     100350      67247         14           0.001281
 38     100336      67229          9           0.001250
 39     100327      67218      30985           0.017594
 40      69342      34266       7137           0.005415
 41      62205      25235       2066           0.002369
 42      60139      22691        654           0.001598
 43      59485      21877        212           0.001348
 44      59273      21608         62           0.001270
 45      59211      21532         22           0.001171
 46      59189      21504         11           0.001139
 47      59178      21487      12144           0.007844
 48      47034       8810       2523           0.002567
 49      44511       5785        557           0.001497
 50      43954       5124        107           0.001196
 51      43847       4998         19           0.001065
 52      43828       4977       3319           0.003669
 53      40509       1530        711           0.001538
 54      39798        724        110           0.001115
 55      39688        600         21           0.001001
 56      39667        578        427           0.001400
 57      39240        131         94           0.001130
 58      39146         22         18           0.001010
 59      39128          2          2           0.001258
==========================================================

================individual timings =======================
     SpMV      Update-Match   Update-UMC    Total 
==========================================================
     0.00573      0.00492      0.00842      0.01907 
     0.00286      0.00206      0.00555      0.01047 
     0.00182      0.00127      0.00394      0.00702 
     0.00072      0.00096      0.00379      0.00546 
     0.00050      0.00079      0.00299      0.00428 
     0.00049      0.00072      0.00291      0.00413 
     0.00035      0.00068      0.00290      0.00393 
     0.00034      0.00066      0.00283      0.00382 
     0.00033      0.00066      0.00281      0.00380 
     0.00033      0.00154      0.00302      0.00489 
     0.01632      0.02429      0.00595      0.04655 
     0.00234      0.00310      0.00320      0.00864 
     0.00216      0.00150      0.00171      0.00538 
     0.00082      0.00109      0.00119      0.00310 
     0.00105      0.00092      0.00095      0.00292 
     0.00074      0.00085      0.00082      0.00241 
     0.00047      0.00075      0.00074      0.00195 
     0.00041      0.00072      0.00070      0.00183 
     0.00038      0.00067      0.00069      0.00175 
     0.00035      0.00067      0.00068      0.00171 
     0.00034      0.00066      0.00068      0.00168 
     0.00032      0.00066      0.00063      0.00161 
     0.00031      0.00076      0.00061      0.00168 
     0.00066      0.00125      0.00061      0.00252 
     0.00031      0.00064      0.00064      0.00158 
     0.01299      0.01128      0.00427      0.02854 
     0.00293      0.00272      0.00227      0.00792 
     0.00198      0.00144      0.00116      0.00457 
     0.00085      0.00105      0.00078      0.00268 
     0.00055      0.00087      0.00059      0.00200 
     0.00045      0.00075      0.00048      0.00167 
     0.00038      0.00071      0.00045      0.00154 
     0.00035      0.00067      0.00039      0.00141 
     0.00050      0.00070      0.00039      0.00158 
     0.00031      0.00065      0.00039      0.00135 
     0.00030      0.00064      0.00034      0.00128 
     0.00029      0.00064      0.00035      0.00128 
     0.00026      0.00064      0.00035      0.00125 
     0.00940      0.00572      0.00247      0.01759 
     0.00165      0.00248      0.00128      0.00542 
     0.00080      0.00096      0.00061      0.00237 
     0.00043      0.00077      0.00040      0.00160 
     0.00034      0.00068      0.00033      0.00135 
     0.00032      0.00068      0.00028      0.00127 
     0.00027      0.00064      0.00026      0.00117 
     0.00024      0.00064      0.00026      0.00114 
     0.00287      0.00358      0.00140      0.00784 
     0.00073      0.00123      0.00061      0.00257 
     0.00038      0.00077      0.00034      0.00150 
     0.00029      0.00066      0.00025      0.00120 
     0.00022      0.00064      0.00021      0.00107 
     0.00082      0.00223      0.00062      0.00367 
     0.00037      0.00083      0.00033      0.00154 
     0.00026      0.00064      0.00022      0.00112 
     0.00020      0.00062      0.00018      0.00100 
     0.00031      0.00082      0.00027      0.00140 
     0.00023      0.00067      0.00023      0.00113 
     0.00020      0.00063      0.00018      0.00101 
     0.00019      0.00089      0.00018      0.00126 
-------------------------------------------------------
     0.08306      0.10230      0.08207      0.26744 
matrix  nprocesses nthreads ncores algorithm Unmatched-Rows  Cardinality Total Time***
/scratch2/scratchdirs/azad/unsymmetric/amazon0312.mtx 4 12 48 Karp-Sipser 39126    361601     0.267438
-------------------------------------------------------

=======================================================
@@@@@@ Number of processes: 4
=======================================================
It   |  UMRow   |  UMCol   |  newlyMatched   |  Time 
=======================================================
  1     400727     400727     108912           0.050480
