**** Reading input matrix: /scratch2/scratchdirs/azad/unsymmetric/amazon0312.mtx ******* 
Matrix is Boolean
Total number of nonzeros expected across all processors is 3200440
File is 42238461 bytes
Total number of entries read across all processors is 3200440
As a whole: 400727 rows and 400727 columns and 3200440 nonzeros
Reader took 0.259294 seconds
Performing random permuation of matrix.
Performed random permuation of matrix.
Threading activated with 12 threads, and matrix split into 12 parts
 #####################################################
 ################## Run 1 ############################
 #####################################################
=======================================================
@@@@@@ Number of processes: 36
=======================================================
It   |  UMRow   |  UMCol   |  newlyMatched   |  Time 
=======================================================
Creating a new MPI data type for 11VertexType1
  1     400727     400727     247393           0.097625
  2     153334     135727      80687           0.018344
  3      72647      49168      30169           0.010723
  4      42478      14692       9815           0.011401
  5      32663       3017       2240           0.004200
  6      30423        315        276           0.005277
  7      30147         13         13           0.003740
==========================================================

================individual timings =======================
     SpMV      Update-Match   Update-UMC    Total 
==========================================================
     0.07452      0.01699      0.00611      0.09762 
     0.00721      0.00392      0.00722      0.01834 
     0.00485      0.00261      0.00326      0.01072 
     0.00780      0.00217      0.00143      0.01140 
     0.00136      0.00200      0.00084      0.00420 
     0.00105      0.00337      0.00086      0.00528 
     0.00116      0.00213      0.00045      0.00374 
-------------------------------------------------------
     0.09795      0.03318      0.02017      0.15131 
matrix  nprocesses nthreads ncores algorithm Unmatched-Rows  Cardinality Total Time***
/scratch2/scratchdirs/azad/unsymmetric/amazon0312.mtx 36 12 432 DMD 30134    370593     0.151309
-------------------------------------------------------

=======================================================
@@@@@@ Number of processes: 36
=======================================================
It   |  UMRow   |  UMCol   |  newlyMatched   |  Time 
=======================================================
  1     400727     400727      54602           0.009776
  2     346125     335957      17302           0.004694
  3     328823     317033       6696           0.004453
  4     322127     309852       2872           0.003385
  5     319255     306814       1304           0.003140
  6     317951     305413        585           0.003235
  7     317366     304793        255           0.002808
  8     317111     304520        127           0.002284
  9     316984     304382         57           0.001833
 10     316927     304320         18           0.001949
 11     316909     304298      85830           0.015877
 12     231079     214634      20499           0.005833
 13     210580     190854       9330           0.003302
 14     201250     180182       4601           0.003500
 15     196649     174983       2415           0.004818
 16     194234     172263       1378           0.003330
 17     192856     170710        795           0.003185
 18     192061     169826        430           0.002537
 19     191631     169356        230           0.004342
 20     191401     169106        144           0.002555
 21     191257     168953         84           0.003077
 22     191173     168861         57           0.002277
 23     191116     168796         27           0.001969
 24     191089     168769         19           0.002570
 25     191070     168750         12           0.003632
 26     191058     168738      55985           0.010773
 27     135073     109209      15273           0.006090
 28     119800      90069       6801           0.003577
 29     112999      81672       3334           0.004746
 30     109665      77645       1706           0.002881
 31     107959      75587        861           0.004246
 32     107098      74576        441           0.001817
 33     106657      74047        226           0.002290
 34     106431      73782        136           0.001951
 35     106295      73628         75           0.002183
 36     106220      73536         32           0.001779
 37     106188      73500         17           0.001523
 38     106171      73482         12           0.001386
 39     106159      73467      30990           0.007267
 40      75169      40640       7632           0.002513
 41      67537      30816       2654           0.002782
 42      64883      27360        855           0.002256
 43      64028      26271        301           0.002156
 44      63727      25876        102           0.001433
 45      63625      25752         45           0.001384
 46      63580      25686         13           0.001344
 47      63567      25670      13577           0.003608
 48      49990      11618       2884           0.002059
 49      47106       8061        749           0.001875
 50      46357       7063        167           0.002182
 51      46190       6860         33           0.001980
 52      46157       6817       4250           0.001749
 53      41907       2472        903           0.002150
 54      41004       1414        163           0.001662
 55      40841       1215         16           0.001580
 56      40825       1196        842           0.001412
 57      39983        345        186           0.001676
 58      39797        149         23           0.001595
 59      39774        125        101           0.001276
 60      39673         24         19           0.001221
 61      39654          5          4           0.001189
 62      39650          1          1           0.001101
==========================================================

================individual timings =======================
     SpMV      Update-Match   Update-UMC    Total 
==========================================================
     0.00383      0.00278      0.00317      0.00978 
     0.00212      0.00160      0.00098      0.00469 
     0.00113      0.00216      0.00117      0.00445 
     0.00107      0.00137      0.00095      0.00339 
     0.00108      0.00136      0.00070      0.00314 
     0.00079      0.00126      0.00119      0.00324 
     0.00072      0.00152      0.00057      0.00281 
     0.00067      0.00103      0.00058      0.00228 
     0.00064      0.00066      0.00054      0.00183 
     0.00072      0.00076      0.00047      0.00195 
     0.00813      0.00484      0.00291      0.01588 
     0.00224      0.00203      0.00156      0.00583 
     0.00133      0.00129      0.00068      0.00330 
     0.00094      0.00191      0.00065      0.00350 
     0.00164      0.00230      0.00088      0.00482 
     0.00116      0.00129      0.00088      0.00333 
     0.00086      0.00149      0.00083      0.00319 
     0.00070      0.00137      0.00046      0.00254 
     0.00082      0.00245      0.00107      0.00434 
     0.00078      0.00132      0.00045      0.00255 
     0.00113      0.00116      0.00078      0.00308 
     0.00072      0.00081      0.00075      0.00228 
     0.00062      0.00062      0.00073      0.00197 
     0.00072      0.00115      0.00069      0.00257 
     0.00063      0.00211      0.00089      0.00363 
     0.00493      0.00347      0.00237      0.01077 
     0.00163      0.00299      0.00147      0.00609 
     0.00111      0.00151      0.00096      0.00358 
     0.00145      0.00252      0.00078      0.00475 
     0.00083      0.00170      0.00035      0.00288 
     0.00142      0.00235      0.00047      0.00425 
     0.00063      0.00088      0.00030      0.00182 
     0.00063      0.00136      0.00030      0.00229 
     0.00080      0.00087      0.00029      0.00195 
     0.00071      0.00085      0.00063      0.00218 
     0.00059      0.00056      0.00063      0.00178 
     0.00058      0.00064      0.00030      0.00152 
     0.00063      0.00050      0.00026      0.00139 
     0.00407      0.00184      0.00136      0.00727 
     0.00083      0.00116      0.00053      0.00251 
     0.00075      0.00167      0.00036      0.00278 
     0.00067      0.00093      0.00066      0.00226 
     0.00064      0.00123      0.00028      0.00216 
     0.00063      0.00052      0.00029      0.00143 
     0.00062      0.00051      0.00025      0.00138 
     0.00059      0.00051      0.00025      0.00134 
     0.00121      0.00139      0.00100      0.00361 
     0.00071      0.00100      0.00036      0.00206 
     0.00068      0.00093      0.00027      0.00187 
     0.00063      0.00095      0.00060      0.00218 
     0.00022      0.00121      0.00055      0.00198 
     0.00076      0.00067      0.00031      0.00175 
     0.00065      0.00093      0.00058      0.00215 
     0.00060      0.00086      0.00020      0.00166 
     0.00057      0.00081      0.00020      0.00158 
     0.00063      0.00056      0.00022      0.00141 
     0.00059      0.00088      0.00020      0.00168 
     0.00059      0.00082      0.00019      0.00160 
     0.00058      0.00050      0.00020      0.00128 
     0.00058      0.00046      0.00018      0.00122 
     0.00056      0.00046      0.00016      0.00119 
     0.00011      0.00089      0.00010      0.00110 
-------------------------------------------------------
     0.06960      0.08252      0.04294      0.19505 
matrix  nprocesses nthreads ncores algorithm Unmatched-Rows  Cardinality Total Time***
/scratch2/scratchdirs/azad/unsymmetric/amazon0312.mtx 36 12 432 Karp-Sipser-rand 39649    361078     0.195053
-------------------------------------------------------

=======================================================
@@@@@@ Number of processes: 36
=======================================================
It   |  UMRow   |  UMCol   |  newlyMatched   |  Time 
=======================================================
  1     400727     400727     108086           0.010034
  2     292641     292641      90097           0.009562
  3     202544     202544      71955           0.006542
  4     130589     130589      42186           0.005149
  5      88403      88403      13756           0.004088
  6      74647      74647       2570           0.003495
  7      72077      72077        360           0.002483
  8      71717      71717         23           0.002737
  9      71694      71694          1           0.003693
 10      71693      71693          0           0.003061
==========================================================

================individual timings =======================
     SpMV      Update-Match   Update-UMC    Total 
==========================================================
     0.00644      0.00350      0.00009      0.01003 
     0.00659      0.00292      0.00006      0.00956 
     0.00444      0.00206      0.00004      0.00654 
     0.00342      0.00170      0.00003      0.00515 
     0.00277      0.00130      0.00002      0.00409 
     0.00243      0.00105      0.00001      0.00349 
     0.00143      0.00104      0.00001      0.00248 
     0.00177      0.00095      0.00001      0.00274 
     0.00277      0.00091      0.00001      0.00369 
     0.00278      0.00027      0.00001      0.00306 
-------------------------------------------------------
     0.03486      0.01570      0.00029      0.05084 
matrix  nprocesses nthreads ncores algorithm Unmatched-Rows  Cardinality Total Time***
/scratch2/scratchdirs/azad/unsymmetric/amazon0312.mtx 36 12 432 Greedy-rand 71693    329034     0.050844
-------------------------------------------------------

=======================================================
@@@@@@ Number of processes: 36
=======================================================
It   |  UMRow   |  UMCol   |  newlyMatched   |  Time 
=======================================================
  1     400727     400727      54602           0.005753
  2     346125     335957      17302           0.003802
  3     328823     317033       6696           0.003220
  4     322127     309852       2872           0.002482
  5     319255     306814       1304           0.002090
  6     317951     305413        585           0.002022
  7     317366     304793        255           0.001648
  8     317111     304520        127           0.001635
  9     316984     304382         57           0.001593
 10     316927     304320         18           0.001590
 11     316909     304298      85498           0.013578
 12     231411     214710      20876           0.004131
 13     210535     190521       9084           0.002718
 14     201451     180288       4497           0.002065
 15     196954     175194       2285           0.002294
 16     194669     172601       1345           0.002159
 17     193324     171112        798           0.001780
 18     192526     170227        489           0.001418
 19     192037     169683        294           0.001396
 20     191743     169356        177           0.001356
 21     191566     169157         87           0.001343
 22     191479     169056         54           0.001326
 23     191425     168996         41           0.001338
 24     191384     168946         28           0.001675
 25     191356     168917         18           0.001323
 26     191338     168898         16           0.001309
 27     191322     168880         10           0.001293
 28     191312     168870      62111           0.009276
 29     129201     102493      16337           0.003444
 30     112864      82313       6435           0.002712
 31     106429      74522       3119           0.002414
 32     103310      70770       1500           0.001888
 33     101810      68980        787           0.001792
 34     101023      68033        376           0.001726
 35     100647      67599        196           0.001705
 36     100451      67372        106           0.001660
 37     100345      67244         61           0.001319
 38     100284      67174         25           0.001279
 39     100259      67144         16           0.001267
 40     100243      67128         10           0.001268
 41     100233      67117      30990           0.006806
 42      69243      34157       7348           0.003360
 43      61895      24974       2100           0.002421
 44      59795      22385        716           0.001825
 45      59079      21518        218           0.001337
 46      58861      21255         68           0.001331
 47      58793      21164         19           0.001288
 48      58774      21142         11           0.001620
 49      58763      21129      12045           0.003235
 50      46718       8431       2567           0.002845
 51      44151       5331        471           0.002115
 52      43680       4782        108           0.001683
 53      43572       4646         22           0.001278
 54      43550       4618       3136           0.002451
 55      40414       1288        673           0.001774
 56      39741        509         78           0.001655
 57      39663        425         13           0.001624
 58      39650        409        312           0.001319
 59      39338         88         49           0.001252
 60      39289         26         11           0.001228
 61      39278         14          6           0.001178
 62      39272          4          4           0.001214
==========================================================

================individual timings =======================
     SpMV      Update-Match   Update-UMC    Total 
==========================================================
     0.00340      0.00097      0.00138      0.00575 
     0.00224      0.00076      0.00080      0.00380 
     0.00079      0.00137      0.00106      0.00322 
     0.00071      0.00125      0.00053      0.00248 
     0.00066      0.00091      0.00052      0.00209 
     0.00065      0.00087      0.00050      0.00202 
     0.00063      0.00051      0.00051      0.00165 
     0.00063      0.00050      0.00050      0.00163 
     0.00062      0.00049      0.00049      0.00159 
     0.00062      0.00048      0.00049      0.00159 
     0.00594      0.00473      0.00291      0.01358 
     0.00188      0.00152      0.00073      0.00413 
     0.00122      0.00106      0.00045      0.00272 
     0.00074      0.00098      0.00035      0.00206 
     0.00069      0.00094      0.00066      0.00229 
     0.00067      0.00122      0.00027      0.00216 
     0.00065      0.00088      0.00026      0.00178 
     0.00063      0.00052      0.00026      0.00142 
     0.00023      0.00091      0.00025      0.00140 
     0.00062      0.00051      0.00023      0.00136 
     0.00061      0.00050      0.00023      0.00134 
     0.00061      0.00049      0.00023      0.00133 
     0.00062      0.00049      0.00023      0.00134 
     0.00061      0.00048      0.00059      0.00167 
     0.00061      0.00049      0.00023      0.00132 
     0.00060      0.00048      0.00023      0.00131 
     0.00061      0.00047      0.00022      0.00129 
     0.00524      0.00258      0.00146      0.00928 
     0.00145      0.00133      0.00066      0.00344 
     0.00122      0.00109      0.00040      0.00271 
     0.00075      0.00099      0.00067      0.00241 
     0.00066      0.00097      0.00026      0.00189 
     0.00066      0.00089      0.00025      0.00179 
     0.00063      0.00086      0.00023      0.00173 
     0.00063      0.00084      0.00023      0.00171 
     0.00061      0.00083      0.00022      0.00166 
     0.00061      0.00050      0.00021      0.00132 
     0.00060      0.00047      0.00021      0.00128 
     0.00057      0.00049      0.00021      0.00127 
     0.00059      0.00047      0.00021      0.00127 
     0.00410      0.00181      0.00090      0.00681 
     0.00132      0.00119      0.00085      0.00336 
     0.00071      0.00105      0.00065      0.00242 
     0.00066      0.00093      0.00024      0.00182 
     0.00063      0.00050      0.00022      0.00134 
     0.00062      0.00051      0.00021      0.00133 
     0.00061      0.00048      0.00020      0.00129 
     0.00020      0.00123      0.00019      0.00162 
     0.00131      0.00144      0.00049      0.00324 
     0.00074      0.00144      0.00067      0.00285 
     0.00063      0.00090      0.00058      0.00212 
     0.00060      0.00088      0.00020      0.00168 
     0.00060      0.00047      0.00021      0.00128 
     0.00083      0.00132      0.00030      0.00245 
     0.00065      0.00053      0.00059      0.00177 
     0.00060      0.00086      0.00019      0.00166 
     0.00019      0.00125      0.00019      0.00162 
     0.00061      0.00050      0.00020      0.00132 
     0.00057      0.00050      0.00018      0.00125 
     0.00060      0.00045      0.00018      0.00123 
     0.00018      0.00082      0.00017      0.00118 
     0.00018      0.00086      0.00017      0.00121 
-------------------------------------------------------
     0.05982      0.05701      0.02810      0.14493 
matrix  nprocesses nthreads ncores algorithm Unmatched-Rows  Cardinality Total Time***
/scratch2/scratchdirs/azad/unsymmetric/amazon0312.mtx 36 12 432 Karp-Sipser 39268    361459     0.144927
-------------------------------------------------------

=======================================================
@@@@@@ Number of processes: 36
=======================================================
It   |  UMRow   |  UMCol   |  newlyMatched   |  Time 
=======================================================
  1     400727     400727     108067           0.012492
  2     292660     292660     104706           0.009273
  3     187954     187954      74078           0.007374
  4     113876     113876      34852           0.005622
  5      79024      79024       8792           0.005334
  6      70232      70232       1190           0.003644
  7      69042      69042         85           0.003781
  8      68957      68957          6           0.004740
  9      68951      68951          2           0.004677
 10      68949      68949          0           0.003097
==========================================================

================individual timings =======================
     SpMV      Update-Match   Update-UMC    Total 
==========================================================
     0.00671      0.00574      0.00005      0.01249 
     0.00566      0.00360      0.00001      0.00927 
     0.00467      0.00270      0.00000      0.00737 
     0.00357      0.00205      0.00000      0.00562 
     0.00390      0.00144      0.00000      0.00533 
     0.00253      0.00112      0.00000      0.00364 
     0.00271      0.00107      0.00000      0.00378 
     0.00374      0.00100      0.00000      0.00474 
     0.00368      0.00100      0.00000      0.00468 
     0.00282      0.00027      0.00000      0.00310 
-------------------------------------------------------
     0.03996      0.01999      0.00008      0.06003 
matrix  nprocesses nthreads ncores algorithm Unmatched-Rows  Cardinality Total Time***
/scratch2/scratchdirs/azad/unsymmetric/amazon0312.mtx 36 12 432 Greedy 68949    331778     0.060033
-------------------------------------------------------

 #####################################################
 ################## Run 2 ############################
 #####################################################
=======================================================
@@@@@@ Number of processes: 36
=======================================================
It   |  UMRow   |  UMCol   |  newlyMatched   |  Time 
=======================================================
  1     400727     400727     247393           0.015374
  2     153334     135727      80687           0.008969
  3      72647      49168      30169           0.006709
  4      42478      14692       9815           0.003117
  5      32663       3017       2240           0.002173
  6      30423        315        276           0.001855
  7      30147         13         13           0.001615
==========================================================

================individual timings =======================
     SpMV      Update-Match   Update-UMC    Total 
==========================================================
     0.00797      0.00342      0.00399      0.01537 
     0.00533      0.00221      0.00143      0.00897 
     0.00369      0.00173      0.00129      0.00671 
     0.00126      0.00135      0.00051      0.00312 
     0.00074      0.00114      0.00029      0.00217 
     0.00060      0.00105      0.00021      0.00186 
     0.00018      0.00124      0.00019      0.00161 
-------------------------------------------------------
     0.01977      0.01214      0.00791      0.03981 
matrix  nprocesses nthreads ncores algorithm Unmatched-Rows  Cardinality Total Time***
/scratch2/scratchdirs/azad/unsymmetric/amazon0312.mtx 36 12 432 DMD 30134    370593     0.039812
-------------------------------------------------------

=======================================================
@@@@@@ Number of processes: 36
=======================================================
It   |  UMRow   |  UMCol   |  newlyMatched   |  Time 
=======================================================
  1     400727     400727      54602           0.006634
  2     346125     335957      17302           0.004533
  3     328823     317033       6696           0.002422
  4     322127     309852       2872           0.002437
  5     319255     306814       1304           0.002416
  6     317951     305413        585           0.002352
  7     317366     304793        255           0.001884
  8     317111     304520        127           0.002375
  9     316984     304382         57           0.001618
 10     316927     304320         18           0.001612
 11     316909     304298      85601           0.010079
 12     231308     214832      20571           0.004850
 13     210737     190963       9212           0.002880
 14     201525     180505       4525           0.002150
 15     197000     175374       2390           0.002011
 16     194610     172695       1316           0.001900
 17     193294     171218        755           0.001525
 18     192539     170385        411           0.001855
 19     192128     169937        261           0.001459
 20     191867     169651        149           0.001429
 21     191718     169483         99           0.001421
 22     191619     169374         62           0.001401
 23     191557     169306         31           0.001405
 24     191526     169274         26           0.002167
 25     191500     169245         26           0.001529
 26     191474     169216         18           0.001407
 27     191456     169198          9           0.001373
 28     191447     169188      56278           0.009340
 29     135169     109326      15484           0.004542
 30     119685      89842       6667           0.002558
 31     113018      81590       3244           0.006051
 32     109774      77610       1660           0.003421
 33     108114      75642        868           0.003930
 34     107246      74628        485           0.002220
 35     106761      74061        272           0.003314
 36     106489      73743        165           0.002703
 37     106324      73548         95           0.002954
 38     106229      73440         59           0.002992
 39     106170      73367         31           0.004312
 40     106139      73328         20           0.002768
 41     106119      73301         13           0.003186
 42     106106      73284          9           0.003872
 43     106097      73274      31092           0.007126
 44      75005      40381       7690           0.004662
 45      67315      30536       2682           0.002781
 46      64633      27051        933           0.003725
 47      63700      25886        315           0.004149
 48      63385      25494        109           0.004257
 49      63276      25363         38           0.003838
 50      63238      25320         18           0.003451
 51      63220      25299      13287           0.005605
 52      49933      11525       2806           0.003447
 53      47127       8067        730           0.003665
 54      46397       7132        156           0.004173
 55      46241       6938         44           0.001973
 56      46197       6881          7           0.002928
 57      46190       6871       4276           0.002889
 58      41914       2518        901           0.003377
 59      41013       1458        169           0.003333
 60      40844       1255         16           0.003242
 61      40828       1236        882           0.002247
 62      39946        339        181           0.001568
 63      39765        140         23           0.002611
 64      39742        115         92           0.003281
 65      39650         21         16           0.002674
 66      39634          5          5           0.002451
==========================================================

================individual timings =======================
     SpMV      Update-Match   Update-UMC    Total 
==========================================================
     0.00356      0.00167      0.00141      0.00663 
     0.00130      0.00242      0.00082      0.00453 
     0.00080      0.00102      0.00060      0.00242 
     0.00099      0.00091      0.00053      0.00244 
     0.00099      0.00091      0.00052      0.00242 
     0.00065      0.00120      0.00050      0.00235 
     0.00088      0.00052      0.00049      0.00188 
     0.00066      0.00123      0.00049      0.00238 
     0.00064      0.00049      0.00049      0.00162 
     0.00066      0.00048      0.00047      0.00161 
     0.00586      0.00271      0.00151      0.01008 
     0.00256      0.00147      0.00082      0.00485 
     0.00131      0.00106      0.00051      0.00288 
     0.00075      0.00098      0.00042      0.00215 
     0.00069      0.00095      0.00037      0.00201 
     0.00065      0.00093      0.00032      0.00190 
     0.00066      0.00053      0.00033      0.00153 
     0.00069      0.00087      0.00030      0.00186 
     0.00063      0.00054      0.00029      0.00146 
     0.00063      0.00051      0.00029      0.00143 
     0.00063      0.00051      0.00029      0.00142 
     0.00062      0.00050      0.00028      0.00140 
     0.00062      0.00050      0.00029      0.00141 
     0.00102      0.00086      0.00028      0.00217 
     0.00064      0.00060      0.00029      0.00153 
     0.00062      0.00050      0.00028      0.00141 
     0.00064      0.00046      0.00027      0.00137 
     0.00585      0.00200      0.00149      0.00934 
     0.00124      0.00264      0.00066      0.00454 
     0.00093      0.00104      0.00059      0.00256 
     0.00125      0.00325      0.00155      0.00605 
     0.00071      0.00217      0.00054      0.00342 
     0.00074      0.00255      0.00064      0.00393 
     0.00075      0.00099      0.00047      0.00222 
     0.00075      0.00215      0.00042      0.00331 
     0.00096      0.00133      0.00042      0.00270 
     0.00041      0.00206      0.00049      0.00295 
     0.00086      0.00161      0.00053      0.00299 
     0.00062      0.00323      0.00045      0.00431 
     0.00082      0.00155      0.00039      0.00277 
     0.00043      0.00200      0.00076      0.00319 
     0.00063      0.00245      0.00079      0.00387 
     0.00321      0.00252      0.00140      0.00713 
     0.00136      0.00220      0.00110      0.00466 
     0.00102      0.00132      0.00044      0.00278 
     0.00089      0.00227      0.00057      0.00373 
     0.00075      0.00284      0.00056      0.00415 
     0.00090      0.00262      0.00074      0.00426 
     0.00096      0.00205      0.00083      0.00384 
     0.00103      0.00188      0.00054      0.00345 
     0.00168      0.00269      0.00123      0.00560 
     0.00129      0.00175      0.00041      0.00345 
     0.00073      0.00242      0.00052      0.00366 
     0.00125      0.00248      0.00044      0.00417 
     0.00061      0.00106      0.00031      0.00197 
     0.00027      0.00205      0.00061      0.00293 
     0.00134      0.00100      0.00054      0.00289 
     0.00043      0.00228      0.00068      0.00338 
     0.00119      0.00181      0.00033      0.00333 
     0.00044      0.00236      0.00044      0.00324 
     0.00060      0.00135      0.00030      0.00225 
     0.00069      0.00066      0.00022      0.00157 
     0.00042      0.00163      0.00056      0.00261 
     0.00091      0.00183      0.00055      0.00328 
     0.00082      0.00125      0.00061      0.00267 
     0.00075      0.00131      0.00040      0.00245 
-------------------------------------------------------
     0.07082      0.10195      0.03796      0.21074 
matrix  nprocesses nthreads ncores algorithm Unmatched-Rows  Cardinality Total Time***
/scratch2/scratchdirs/azad/unsymmetric/amazon0312.mtx 36 12 432 Karp-Sipser-rand 39629    361098     0.210742
-------------------------------------------------------

=======================================================
@@@@@@ Number of processes: 36
=======================================================
It   |  UMRow   |  UMCol   |  newlyMatched   |  Time 
=======================================================
  1     400727     400727     108467           0.010997
  2     292260     292260      89853           0.009233
  3     202407     202407      71809           0.007992
  4     130598     130598      42377           0.007055
  5      88221      88221      13570           0.004062
  6      74651      74651       2577           0.003318
  7      72074      72074        303           0.002688
  8      71771      71771         19           0.002703
  9      71752      71752          0           0.003273
==========================================================

================individual timings =======================
     SpMV      Update-Match   Update-UMC    Total 
==========================================================
     0.00708      0.00382      0.00009      0.01100 
     0.00543      0.00374      0.00006      0.00923 
     0.00491      0.00304      0.00004      0.00799 
     0.00405      0.00298      0.00003      0.00706 
     0.00212      0.00193      0.00001      0.00406 
     0.00184      0.00147      0.00001      0.00332 
     0.00151      0.00116      0.00001      0.00269 
     0.00150      0.00119      0.00001      0.00270 
     0.00294      0.00032      0.00001      0.00327 
-------------------------------------------------------
     0.03138      0.01966      0.00028      0.05132 
matrix  nprocesses nthreads ncores algorithm Unmatched-Rows  Cardinality Total Time***
/scratch2/scratchdirs/azad/unsymmetric/amazon0312.mtx 36 12 432 Greedy-rand 71752    328975     0.051322
-------------------------------------------------------

=======================================================
@@@@@@ Number of processes: 36
=======================================================
It   |  UMRow   |  UMCol   |  newlyMatched   |  Time 
=======================================================
  1     400727     400727      54602           0.005949
  2     346125     335957      17302           0.003501
  3     328823     317033       6696           0.002914
  4     322127     309852       2872           0.002735
  5     319255     306814       1304           0.002885
  6     317951     305413        585           0.002725
  7     317366     304793        255           0.002144
  8     317111     304520        127           0.002666
  9     316984     304382         57           0.002094
 10     316927     304320         18           0.002219
 11     316909     304298      85498           0.012881
 12     231411     214710      20876           0.004058
 13     210535     190521       9084           0.003121
 14     201451     180288       4497           0.002496
 15     196954     175194       2285           0.002325
 16     194669     172601       1345           0.002764
 17     193324     171112        798           0.002406
 18     192526     170227        489           0.002572
 19     192037     169683        294           0.002317
 20     191743     169356        177           0.003792
 21     191566     169157         87           0.002297
 22     191479     169056         54           0.003806
 23     191425     168996         41           0.001877
 24     191384     168946         28           0.001490
 25     191356     168917         18           0.003248
 26     191338     168898         16           0.001938
 27     191322     168880         10           0.001316
 28     191312     168870      62111           0.008242
 29     129201     102493      16337           0.003009
 30     112864      82313       6435           0.002757
 31     106429      74522       3119           0.002031
 32     103310      70770       1500           0.001512
 33     101810      68980        787           0.001471
 34     101023      68033        376           0.001403
 35     100647      67599        196           0.001377
 36     100451      67372        106           0.001345
 37     100345      67244         61           0.001304
 38     100284      67174         25           0.001287
 39     100259      67144         16           0.001331
 40     100243      67128         10           0.001271
 41     100233      67117      30990           0.005177
 42      69243      34157       7348           0.002990
 43      61895      24974       2100           0.002297
 44      59795      22385        716           0.001444
 45      59079      21518        218           0.000937
 46      58861      21255         68           0.000883
 47      58793      21164         19           0.000844
 48      58774      21142         11           0.001256
 49      58763      21129      12045           0.003119
 50      46718       8431       2567           0.002500
 51      44151       5331        471           0.001735
 52      43680       4782        108           0.001721
 53      43572       4646         22           0.001258
 54      43550       4618       3136           0.002452
 55      40414       1288        673           0.001763
 56      39741        509         78           0.001261
 57      39663        425         13           0.000851
 58      39650        409        312           0.001336
 59      39338         88         49           0.001301
 60      39289         26         11           0.000824
 61      39278         14          6           0.000811
 62      39272          4          4           0.001237
==========================================================

================individual timings =======================
     SpMV      Update-Match   Update-UMC    Total 
==========================================================
     0.00311      0.00132      0.00152      0.00595 
     0.00133      0.00124      0.00093      0.00350 
     0.00088      0.00137      0.00066      0.00291 
     0.00077      0.00086      0.00110      0.00274 
     0.00079      0.00143      0.00066      0.00288 
     0.00074      0.00136      0.00063      0.00273 
     0.00082      0.00072      0.00060      0.00214 
     0.00079      0.00131      0.00057      0.00267 
     0.00078      0.00080      0.00051      0.00209 
     0.00067      0.00096      0.00058      0.00222 
     0.00592      0.00518      0.00179      0.01288 
     0.00154      0.00170      0.00082      0.00406 
     0.00120      0.00137      0.00055      0.00312 
     0.00085      0.00121      0.00044      0.00250 
     0.00086      0.00115      0.00032      0.00233 
     0.00055      0.00184      0.00037      0.00276 
     0.00073      0.00138      0.00030      0.00241 
     0.00039      0.00159      0.00059      0.00257 
     0.00029      0.00099      0.00104      0.00232 
     0.00139      0.00152      0.00088      0.00379 
     0.00065      0.00141      0.00024      0.00230 
     0.00136      0.00192      0.00052      0.00381 
     0.00076      0.00086      0.00025      0.00188 
     0.00021      0.00098      0.00030      0.00149 
     0.00061      0.00226      0.00038      0.00325 
     0.00032      0.00139      0.00023      0.00194 
     0.00022      0.00087      0.00023      0.00132 
     0.00437      0.00232      0.00155      0.00824 
     0.00111      0.00126      0.00063      0.00301 
     0.00091      0.00108      0.00077      0.00276 
     0.00075      0.00098      0.00030      0.00203 
     0.00073      0.00053      0.00026      0.00151 
     0.00071      0.00051      0.00025      0.00147 
     0.00068      0.00049      0.00023      0.00140 
     0.00022      0.00093      0.00023      0.00138 
     0.00022      0.00091      0.00021      0.00134 
     0.00021      0.00088      0.00021      0.00130 
     0.00020      0.00088      0.00020      0.00129 
     0.00065      0.00047      0.00021      0.00133 
     0.00059      0.00048      0.00020      0.00127 
     0.00275      0.00163      0.00080      0.00518 
     0.00097      0.00115      0.00087      0.00299 
     0.00070      0.00094      0.00066      0.00230 
     0.00071      0.00050      0.00024      0.00144 
     0.00023      0.00050      0.00021      0.00094 
     0.00021      0.00048      0.00020      0.00088 
     0.00020      0.00045      0.00020      0.00084 
     0.00020      0.00087      0.00019      0.00126 
     0.00088      0.00175      0.00049      0.00312 
     0.00082      0.00098      0.00070      0.00250 
     0.00061      0.00051      0.00061      0.00173 
     0.00062      0.00048      0.00061      0.00172 
     0.00059      0.00048      0.00019      0.00126 
     0.00074      0.00102      0.00069      0.00245 
     0.00025      0.00089      0.00062      0.00176 
     0.00060      0.00047      0.00019      0.00126 
     0.00019      0.00047      0.00019      0.00085 
