**** Reading input matrix: /scratch2/scratchdirs/azad/unsymmetric/amazon0312.mtx ******* 
Matrix is Boolean
Total number of nonzeros expected across all processors is 3200440
File is 42238461 bytes
Total number of entries read across all processors is 3200440
As a whole: 400727 rows and 400727 columns and 3200440 nonzeros
Reader took 0.758392 seconds
Performing random permuation of matrix.
Performed random permuation of matrix.
Threading activated with 12 threads, and matrix split into 12 parts
 #####################################################
 ################## Run 1 ############################
 #####################################################
=======================================================
@@@@@@ Number of processes: 16
=======================================================
It   |  UMRow   |  UMCol   |  newlyMatched   |  Time 
=======================================================
Creating a new MPI data type for 11VertexType1
  1     400727     400727     247098           0.111034
  2     153629     136116      80746           0.046085
  3      72883      49601      30159           0.031373
  4      42724      15195       9956           0.005965
  5      32768       3257       2380           0.002958
  6      30388        414        369           0.002275
  7      30019         18         18           0.001899
==========================================================

================individual timings =======================
     SpMV      Update-Match   Update-UMC    Total 
==========================================================
     0.05673      0.04812      0.00618      0.11103 
     0.00665      0.02186      0.01758      0.04609 
     0.00530      0.01889      0.00718      0.03137 
     0.00288      0.00176      0.00133      0.00596 
     0.00107      0.00111      0.00078      0.00296 
     0.00069      0.00086      0.00073      0.00227 
     0.00061      0.00076      0.00053      0.00190 
-------------------------------------------------------
     0.07392      0.09336      0.03431      0.20159 
matrix  nprocesses nthreads ncores algorithm Unmatched-Rows  Cardinality Total Time***
/scratch2/scratchdirs/azad/unsymmetric/amazon0312.mtx 16 12 192 DMD 30001    370726     0.201589
-------------------------------------------------------

=======================================================
@@@@@@ Number of processes: 16
=======================================================
It   |  UMRow   |  UMCol   |  newlyMatched   |  Time 
=======================================================
  1     400727     400727      54602           0.009719
  2     346125     335957      17302           0.007020
  3     328823     317033       6696           0.004144
  4     322127     309852       2872           0.003255
  5     319255     306814       1304           0.002474
  6     317951     305413        585           0.003533
  7     317366     304793        255           0.003190
  8     317111     304520        127           0.002370
  9     316984     304382         57           0.002922
 10     316927     304320         18           0.002350
 11     316909     304298      85316           0.019562
 12     231593     215110      20573           0.006331
 13     211020     191292       9354           0.004247
 14     201666     180655       4601           0.003387
 15     197065     175470       2407           0.002715
 16     194658     172753       1305           0.002593
 17     193353     171316        747           0.003292
 18     192606     170476        432           0.004457
 19     192174     169984        222           0.002481
 20     191952     169743        162           0.002257
 21     191790     169565        102           0.002347
 22     191688     169452         61           0.001578
 23     191627     169383         39           0.002306
 24     191588     169340         24           0.002251
 25     191564     169315         16           0.002024
 26     191548     169299         11           0.001478
 27     191537     169288      56519           0.014547
 28     135018     109095      15216           0.007794
 29     119802      89954       6607           0.004274
 30     113195      81797       3198           0.002928
 31     109997      77910       1549           0.002494
 32     108448      76099        794           0.002552
 33     107654      75152        450           0.002286
 34     107204      74610        221           0.001889
 35     106983      74339        136           0.002234
 36     106847      74188         71           0.001694
 37     106776      74104         37           0.001930
 38     106739      74058         17           0.001831
 39     106722      74039      31235           0.009261
 40      75487      40994       7765           0.004337
 41      67722      30989       2741           0.005369
 42      64981      27380        918           0.002440
 43      64063      26272        329           0.002164
 44      63734      25870        127           0.002078
 45      63607      25718         49           0.002105
 46      63558      25659         17           0.001975
 47      63541      25642          8           0.001642
 48      63533      25631      13606           0.004675
 49      49927      11509       2816           0.002507
 50      47111       8009        737           0.002245
 51      46374       7079        172           0.002114
 52      46202       6878         41           0.001949
 53      46161       6823       4261           0.002267
 54      41900       2460        914           0.002047
 55      40986       1375        172           0.002210
 56      40814       1168         15           0.001932
 57      40799       1150        839           0.001566
 58      39960        302        159           0.002071
 59      39801        132         19           0.001692
 60      39782        112         99           0.001729
 61      39683         12         10           0.001661
 62      39673          2          2           0.001089
==========================================================

================individual timings =======================
     SpMV      Update-Match   Update-UMC    Total 
==========================================================
     0.00360      0.00229      0.00383      0.00972 
     0.00244      0.00125      0.00332      0.00702 
     0.00143      0.00117      0.00154      0.00414 
     0.00082      0.00097      0.00146      0.00326 
     0.00073      0.00049      0.00126      0.00247 
     0.00114      0.00115      0.00124      0.00353 
     0.00071      0.00117      0.00131      0.00319 
     0.00064      0.00055      0.00118      0.00237 
     0.00067      0.00090      0.00135      0.00292 
     0.00057      0.00060      0.00118      0.00235 
     0.00867      0.00601      0.00488      0.01956 
     0.00304      0.00143      0.00186      0.00633 
     0.00169      0.00114      0.00142      0.00425 
     0.00117      0.00117      0.00104      0.00339 
     0.00078      0.00099      0.00095      0.00272 
     0.00081      0.00089      0.00089      0.00259 
     0.00096      0.00130      0.00103      0.00329 
     0.00110      0.00169      0.00167      0.00446 
     0.00089      0.00075      0.00084      0.00248 
     0.00068      0.00068      0.00090      0.00226 
     0.00064      0.00091      0.00080      0.00235 
     0.00063      0.00049      0.00046      0.00158 
     0.00079      0.00069      0.00083      0.00231 
     0.00060      0.00059      0.00106      0.00225 
     0.00060      0.00061      0.00081      0.00202 
     0.00062      0.00040      0.00045      0.00148 
     0.00652      0.00390      0.00412      0.01455 
     0.00512      0.00150      0.00118      0.00779 
     0.00113      0.00207      0.00108      0.00427 
     0.00105      0.00145      0.00043      0.00293 
     0.00082      0.00091      0.00077      0.00249 
     0.00071      0.00112      0.00073      0.00255 
     0.00069      0.00092      0.00067      0.00229 
     0.00072      0.00051      0.00065      0.00189 
     0.00075      0.00082      0.00066      0.00223 
     0.00063      0.00039      0.00068      0.00169 
     0.00064      0.00064      0.00065      0.00193 
     0.00066      0.00053      0.00064      0.00183 
     0.00444      0.00297      0.00185      0.00926 
     0.00177      0.00142      0.00115      0.00434 
     0.00149      0.00270      0.00118      0.00537 
     0.00093      0.00085      0.00066      0.00244 
     0.00070      0.00086      0.00060      0.00216 
     0.00065      0.00082      0.00061      0.00208 
     0.00065      0.00085      0.00060      0.00210 
     0.00061      0.00082      0.00054      0.00198 
     0.00061      0.00045      0.00058      0.00164 
     0.00197      0.00151      0.00119      0.00468 
     0.00088      0.00121      0.00042      0.00251 
     0.00074      0.00127      0.00023      0.00224 
     0.00077      0.00111      0.00023      0.00211 
     0.00064      0.00063      0.00068      0.00195 
     0.00096      0.00092      0.00039      0.00227 
     0.00076      0.00098      0.00030      0.00205 
     0.00068      0.00092      0.00060      0.00221 
     0.00059      0.00082      0.00052      0.00193 
     0.00077      0.00045      0.00034      0.00157 
     0.00071      0.00077      0.00059      0.00207 
     0.00060      0.00094      0.00016      0.00169 
     0.00062      0.00090      0.00021      0.00173 
     0.00065      0.00080      0.00021      0.00166 
     0.00055      0.00038      0.00017      0.00109 
-------------------------------------------------------
     0.07963      0.07042      0.06382      0.21386 
matrix  nprocesses nthreads ncores algorithm Unmatched-Rows  Cardinality Total Time***
/scratch2/scratchdirs/azad/unsymmetric/amazon0312.mtx 16 12 192 Karp-Sipser-rand 39671    361056     0.213862
-------------------------------------------------------

=======================================================
@@@@@@ Number of processes: 16
=======================================================
It   |  UMRow   |  UMCol   |  newlyMatched   |  Time 
=======================================================
  1     400727     400727     108425           0.015948
  2     292302     292302      90264           0.013964
  3     202038     202038      71905           0.011139
  4     130133     130133      42150           0.007245
  5      87983      87983      13670           0.005876
  6      74313      74313       2644           0.003806
  7      71669      71669        341           0.003536
  8      71328      71328         26           0.003051
  9      71302      71302          0           0.003303
==========================================================

================individual timings =======================
     SpMV      Update-Match   Update-UMC    Total 
==========================================================
     0.00943      0.00629      0.00023      0.01595 
     0.00767      0.00616      0.00013      0.01396 
     0.00677      0.00428      0.00009      0.01114 
     0.00451      0.00268      0.00006      0.00725 
     0.00416      0.00168      0.00003      0.00588 
     0.00260      0.00118      0.00003      0.00381 
     0.00227      0.00124      0.00003      0.00354 
     0.00209      0.00094      0.00003      0.00305 
     0.00299      0.00029      0.00003      0.00330 
-------------------------------------------------------
     0.04248      0.02473      0.00065      0.06787 
matrix  nprocesses nthreads ncores algorithm Unmatched-Rows  Cardinality Total Time***
/scratch2/scratchdirs/azad/unsymmetric/amazon0312.mtx 16 12 192 Greedy-rand 71302    329425     0.067868
-------------------------------------------------------

=======================================================
@@@@@@ Number of processes: 16
=======================================================
It   |  UMRow   |  UMCol   |  newlyMatched   |  Time 
=======================================================
  1     400727     400727      54602           0.008258
  2     346125     335957      17302           0.005564
  3     328823     317033       6696           0.006491
  4     322127     309852       2872           0.003584
  5     319255     306814       1304           0.003301
  6     317951     305413        585           0.002853
  7     317366     304793        255           0.002845
  8     317111     304520        127           0.002064
  9     316984     304382         57           0.002528
 10     316927     304320         18           0.003924
 11     316909     304298      86420           0.025224
 12     230489     213654      20849           0.007105
 13     209640     189618       9125           0.007393
 14     200515     179277       4424           0.004014
 15     196091     174307       2415           0.007323
 16     193676     171591       1380           0.006101
 17     192296     170049        778           0.003896
 18     191518     169199        462           0.004454
 19     191056     168692        257           0.002747
 20     190799     168407        160           0.003551
 21     190639     168236        103           0.004509
 22     190536     168127         58           0.004103
 23     190478     168065         43           0.002024
 24     190435     168020         46           0.002905
 25     190389     167973         31           0.004578
 26     190358     167937         18           0.007176
 27     190340     167918      61922           0.113574
 28     128418     101647      16293           0.006121
 29     112125      81391       6324           0.005675
 30     105801      73616       2950           0.003348
 31     102851      70096       1453           0.003063
 32     101398      68355        766           0.002806
 33     100632      67440        363           0.002348
 34     100269      67002        183           0.001794
 35     100086      66791         96           0.002327
 36      99990      66682         46           0.002179
 37      99944      66632         28           0.001297
 38      99916      66594         19           0.003061
 39      99897      66573         12           0.001828
 40      99885      66560      30844           0.012575
 41      69041      33746       7357           0.004271
 42      61684      24526       2038           0.002955
 43      59646      22043        741           0.002003
 44      58905      21129        229           0.001694
 45      58676      20861         68           0.001795
 46      58608      20774         28           0.001623
 47      58580      20736      11827           0.006073
 48      46753       8304       2482           0.002758
 49      44271       5342        496           0.002310
 50      43775       4750        130           0.002079
 51      43645       4581         26           0.001249
 52      43619       4550       3090           0.003225
 53      40529       1306        648           0.002307
 54      39881        544         78           0.002070
 55      39803        457         14           0.001224
 56      39789        440        329           0.001806
 57      39460         85         52           0.001190
 58      39408         24         13           0.001463
 59      39395          9          6           0.001633
 60      39389          1          1           0.001154
==========================================================

================individual timings =======================
     SpMV      Update-Match   Update-UMC    Total 
==========================================================
     0.00430      0.00153      0.00243      0.00826 
     0.00234      0.00165      0.00157      0.00556 
     0.00157      0.00327      0.00165      0.00649 
     0.00149      0.00112      0.00097      0.00358 
     0.00099      0.00104      0.00128      0.00330 
     0.00070      0.00084      0.00131      0.00285 
     0.00074      0.00088      0.00122      0.00284 
     0.00067      0.00058      0.00082      0.00206 
     0.00076      0.00043      0.00134      0.00253 
     0.00119      0.00098      0.00175      0.00392 
     0.00958      0.01033      0.00531      0.02522 
     0.00287      0.00189      0.00235      0.00710 
     0.00402      0.00184      0.00154      0.00739 
     0.00209      0.00150      0.00042      0.00401 
     0.00351      0.00257      0.00124      0.00732 
     0.00141      0.00297      0.00172      0.00610 
     0.00078      0.00202      0.00109      0.00390 
     0.00124      0.00248      0.00074      0.00445 
     0.00076      0.00128      0.00071      0.00275 
     0.00070      0.00229      0.00056      0.00355 
     0.00145      0.00207      0.00099      0.00451 
     0.00099      0.00128      0.00183      0.00410 
     0.00075      0.00063      0.00065      0.00202 
     0.00125      0.00103      0.00063      0.00290 
     0.00089      0.00240      0.00129      0.00458 
     0.00086      0.00566      0.00066      0.00718 
     0.05388      0.05072      0.00898      0.11357 
     0.00257      0.00200      0.00155      0.00612 
     0.00253      0.00175      0.00139      0.00567 
     0.00088      0.00130      0.00116      0.00335 
     0.00089      0.00150      0.00068      0.00306 
     0.00080      0.00110      0.00091      0.00281 
     0.00071      0.00095      0.00068      0.00235 
     0.00067      0.00051      0.00062      0.00179 
     0.00073      0.00093      0.00066      0.00233 
     0.00071      0.00086      0.00061      0.00218 
     0.00064      0.00046      0.00020      0.00130 
     0.00087      0.00122      0.00097      0.00306 
     0.00083      0.00039      0.00061      0.00183 
     0.00543      0.00580      0.00134      0.01257 
     0.00165      0.00148      0.00114      0.00427 
     0.00092      0.00103      0.00101      0.00295 
     0.00081      0.00058      0.00062      0.00200 
     0.00072      0.00062      0.00036      0.00169 
     0.00074      0.00046      0.00060      0.00179 
     0.00066      0.00040      0.00057      0.00162 
     0.00325      0.00172      0.00110      0.00607 
     0.00089      0.00106      0.00081      0.00276 
     0.00071      0.00096      0.00065      0.00231 
     0.00063      0.00085      0.00060      0.00208 
     0.00060      0.00048      0.00016      0.00125 
     0.00137      0.00120      0.00066      0.00323 
     0.00069      0.00099      0.00062      0.00231 
     0.00067      0.00081      0.00059      0.00207 
     0.00061      0.00042      0.00019      0.00122 
     0.00067      0.00054      0.00060      0.00181 
     0.00061      0.00042      0.00016      0.00119 
     0.00070      0.00060      0.00016      0.00146 
     0.00058      0.00049      0.00056      0.00163 
     0.00057      0.00044      0.00014      0.00115 
-------------------------------------------------------
     0.13808      0.13958      0.06774      0.34539 
matrix  nprocesses nthreads ncores algorithm Unmatched-Rows  Cardinality Total Time***
/scratch2/scratchdirs/azad/unsymmetric/amazon0312.mtx 16 12 192 Karp-Sipser 39388    361339     0.345392
-------------------------------------------------------

=======================================================
@@@@@@ Number of processes: 16
=======================================================
It   |  UMRow   |  UMCol   |  newlyMatched   |  Time 
=======================================================
  1     400727     400727     109034           0.020431
  2     291693     291693     104615           0.014117
  3     187078     187078      73867           0.013476
  4     113211     113211      34559           0.016093
  5      78652      78652       8655           0.030372
  6      69997      69997       1203           0.018530
  7      68794      68794         87           0.022036
  8      68707      68707          6           0.031484
  9      68701      68701          1           0.022194
 10      68700      68700          0           0.010449
==========================================================

================individual timings =======================
     SpMV      Update-Match   Update-UMC    Total 
==========================================================
     0.00907      0.01121      0.00015      0.02043 
     0.00769      0.00639      0.00003      0.01412 
     0.00872      0.00475      0.00001      0.01348 
     0.00760      0.00849      0.00000      0.01609 
     0.02754      0.00283      0.00000      0.03037 
     0.01568      0.00284      0.00000      0.01853 
     0.01919      0.00284      0.00001      0.02204 
     0.02995      0.00153      0.00001      0.03148 
     0.02081      0.00138      0.00000      0.02219 
     0.00942      0.00102      0.00000      0.01045 
-------------------------------------------------------
     0.15568      0.04328      0.00022      0.19918 
matrix  nprocesses nthreads ncores algorithm Unmatched-Rows  Cardinality Total Time***
/scratch2/scratchdirs/azad/unsymmetric/amazon0312.mtx 16 12 192 Greedy 68700    332027     0.199181
-------------------------------------------------------

 #####################################################
 ################## Run 2 ############################
 #####################################################
=======================================================
@@@@@@ Number of processes: 16
=======================================================
It   |  UMRow   |  UMCol   |  newlyMatched   |  Time 
=======================================================
  1     400727     400727     247098           0.038711
  2     153629     136116      80746           0.041606
  3      72883      49601      30159           0.018183
  4      42724      15195       9956           0.012995
  5      32768       3257       2380           0.008684
  6      30388        414        369           0.006014
  7      30019         18         18           0.003208
==========================================================

================individual timings =======================
     SpMV      Update-Match   Update-UMC    Total 
==========================================================
     0.01836      0.01244      0.00791      0.03871 
     0.02555      0.01111      0.00494      0.04161 
     0.00697      0.00437      0.00684      0.01818 
     0.00407      0.00691      0.00202      0.01300 
     0.00476      0.00274      0.00118      0.00868 
     0.00154      0.00295      0.00152      0.00601 
     0.00108      0.00121      0.00092      0.00321 
-------------------------------------------------------
     0.06233      0.04174      0.02533      0.12940 
matrix  nprocesses nthreads ncores algorithm Unmatched-Rows  Cardinality Total Time***
/scratch2/scratchdirs/azad/unsymmetric/amazon0312.mtx 16 12 192 DMD 30001    370726     0.129401
-------------------------------------------------------

=======================================================
@@@@@@ Number of processes: 16
=======================================================
It   |  UMRow   |  UMCol   |  newlyMatched   |  Time 
=======================================================
  1     400727     400727      54602           0.022579
  2     346125     335957      17302           0.011442
  3     328823     317033       6696           0.005840
  4     322127     309852       2872           0.003148
  5     319255     306814       1304           0.006969
  6     317951     305413        585           0.010754
  7     317366     304793        255           0.004511
  8     317111     304520        127           0.015048
  9     316984     304382         57           0.022020
 10     316927     304320         18           0.012575
 11     316909     304298      85330           0.032505
 12     231579     215153      20424           0.008207
 13     211155     191562       9348           0.005212
 14     201807     180922       4646           0.003336
 15     197161     175670       2470           0.005035
 16     194691     172895       1356           0.003914
 17     193335     171407        783           0.002693
 18     192552     170529        476           0.002375
 19     192076     170001        309           0.002104
 20     191767     169652        180           0.002887
 21     191587     169458        107           0.001679
 22     191480     169336         75           0.002208
 23     191405     169252         49           0.001845
 24     191356     169198         32           0.002160
 25     191324     169163         21           0.001982
 26     191303     169142         14           0.001948
 27     191289     169128      56487           0.012735
 28     134802     109066      15422           0.004576
 29     119380      89815       6807           0.003004
 30     112573      81342       3220           0.002287
 31     109353      77463       1661           0.002415
 32     107692      75496        882           0.001677
 33     106810      74433        486           0.002377
 34     106324      73871        266           0.002286
 35     106058      73550        131           0.001959
 36     105927      73387         61           0.001929
 37     105866      73315         36           0.002120
 38     105830      73275         15           0.001537
 39     105815      73254      31133           0.008980
 40      74682      40271       7649           0.003673
 41      67033      30505       2741           0.002928
 42      64292      26943        981           0.002117
 43      63311      25716        322           0.001966
 44      62989      25326        118           0.001971
 45      62871      25183         36           0.001730
 46      62835      25141         10           0.002006
 47      62825      25127      13212           0.003825
 48      49613      11447       2780           0.002380
 49      46833       7967        747           0.001922
 50      46086       6965        170           0.002216
 51      45916       6734         36           0.001740
 52      45880       6690       4164           0.002158
 53      41716       2448        860           0.002052
 54      40856       1413        161           0.002212
 55      40695       1220         14           0.001432
 56      40681       1205        860           0.001935
 57      39821        335        199           0.001867
 58      39622        116         20           0.001928
 59      39602         96         83           0.001704
 60      39519         13         13           0.001324
==========================================================

================individual timings =======================
     SpMV      Update-Match   Update-UMC    Total 
==========================================================
     0.01084      0.00713      0.00461      0.02258 
     0.00501      0.00237      0.00406      0.01144 
     0.00250      0.00179      0.00155      0.00584 
     0.00094      0.00119      0.00102      0.00315 
     0.00102      0.00160      0.00435      0.00697 
     0.00153      0.00224      0.00698      0.01075 
     0.00082      0.00216      0.00153      0.00451 
     0.00099      0.01099      0.00307      0.01505 
     0.00430      0.01070      0.00702      0.02202 
     0.00215      0.00896      0.00146      0.01257 
     0.02109      0.00737      0.00405      0.03251 
     0.00303      0.00190      0.00328      0.00821 
     0.00173      0.00211      0.00137      0.00521 
     0.00129      0.00139      0.00066      0.00334 
     0.00151      0.00248      0.00104      0.00503 
     0.00116      0.00136      0.00139      0.00391 
     0.00078      0.00093      0.00098      0.00269 
     0.00068      0.00079      0.00090      0.00237 
     0.00069      0.00054      0.00087      0.00210 
     0.00065      0.00128      0.00096      0.00289 
     0.00065      0.00057      0.00046      0.00168 
     0.00064      0.00068      0.00090      0.00221 
     0.00063      0.00076      0.00045      0.00185 
     0.00063      0.00068      0.00085      0.00216 
     0.00071      0.00048      0.00079      0.00198 
     0.00064      0.00047      0.00084      0.00195 
     0.00733      0.00354      0.00186      0.01274 
     0.00172      0.00147      0.00138      0.00458 
     0.00107      0.00132      0.00062      0.00300 
     0.00086      0.00103      0.00040      0.00229 
     0.00106      0.00098      0.00037      0.00241 
     0.00079      0.00058      0.00031      0.00168 
     0.00067      0.00098      0.00072      0.00238 
     0.00074      0.00087      0.00067      0.00229 
     0.00064      0.00061      0.00071      0.00196 
     0.00065      0.00062      0.00067      0.00193 
     0.00070      0.00050      0.00092      0.00212 
     0.00071      0.00047      0.00036      0.00154 
     0.00528      0.00229      0.00142      0.00898 
     0.00121      0.00174      0.00073      0.00367 
     0.00110      0.00136      0.00047      0.00293 
     0.00075      0.00109      0.00028      0.00212 
     0.00067      0.00060      0.00069      0.00197 
     0.00068      0.00051      0.00078      0.00197 
     0.00065      0.00048      0.00060      0.00173 
     0.00062      0.00078      0.00060      0.00201 
     0.00173      0.00124      0.00085      0.00383 
     0.00091      0.00112      0.00036      0.00238 
     0.00073      0.00097      0.00022      0.00192 
     0.00064      0.00096      0.00062      0.00222 
     0.00064      0.00053      0.00057      0.00174 
     0.00103      0.00074      0.00039      0.00216 
     0.00071      0.00099      0.00035      0.00205 
     0.00068      0.00094      0.00060      0.00221 
     0.00061      0.00057      0.00025      0.00143 
     0.00069      0.00104      0.00021      0.00194 
     0.00063      0.00063      0.00061      0.00187 
     0.00068      0.00071      0.00054      0.00193 
     0.00061      0.00051      0.00059      0.00170 
     0.00061      0.00056      0.00015      0.00132 
-------------------------------------------------------
     0.10541      0.10621      0.07632      0.28794 
matrix  nprocesses nthreads ncores algorithm Unmatched-Rows  Cardinality Total Time***
/scratch2/scratchdirs/azad/unsymmetric/amazon0312.mtx 16 12 192 Karp-Sipser-rand 39506    361221     0.287945
-------------------------------------------------------

=======================================================
@@@@@@ Number of processes: 16
=======================================================
It   |  UMRow   |  UMCol   |  newlyMatched   |  Time 
=======================================================
  1     400727     400727     109083           0.015533
  2     291644     291644      89813           0.013106
  3     201831     201831      71658           0.011330
  4     130173     130173      42291           0.006830
  5      87882      87882      13471           0.004716
  6      74411      74411       2540           0.004462
  7      71871      71871        301           0.003616
  8      71570      71570         18           0.004823
  9      71552      71552          0           0.004768
==========================================================

================individual timings =======================
     SpMV      Update-Match   Update-UMC    Total 
==========================================================
     0.00883      0.00647      0.00023      0.01553 
     0.00691      0.00606      0.00013      0.01311 
     0.00664      0.00460      0.00009      0.01133 
     0.00400      0.00277      0.00006      0.00683 
     0.00281      0.00188      0.00003      0.00472 
     0.00341      0.00103      0.00003      0.00446 
     0.00232      0.00127      0.00003      0.00362 
     0.00239      0.00241      0.00003      0.00482 
     0.00431      0.00043      0.00003      0.00477 
-------------------------------------------------------
     0.04161      0.02693      0.00065      0.06918 
matrix  nprocesses nthreads ncores algorithm Unmatched-Rows  Cardinality Total Time***
/scratch2/scratchdirs/azad/unsymmetric/amazon0312.mtx 16 12 192 Greedy-rand 71552    329175     0.069184
-------------------------------------------------------

=======================================================
@@@@@@ Number of processes: 16
=======================================================
It   |  UMRow   |  UMCol   |  newlyMatched   |  Time 
=======================================================
  1     400727     400727      54602           0.008894
  2     346125     335957      17302           0.005289
  3     328823     317033       6696           0.003843
  4     322127     309852       2872           0.004140
  5     319255     306814       1304           0.003463
  6     317951     305413        585           0.004929
  7     317366     304793        255           0.002903
  8     317111     304520        127           0.002370
  9     316984     304382         57           0.002729
 10     316927     304320         18           0.002874
 11     316909     304298      86420           0.020713
 12     230489     213654      20849           0.005393
 13     209640     189618       9125           0.003501
 14     200515     179277       4424           0.002126
 15     196091     174307       2415           0.002682
 16     193676     171591       1380           0.002535
 17     192296     170049        778           0.002072
 18     191518     169199        462           0.001989
 19     191056     168692        257           0.002563
 20     190799     168407        160           0.001552
 21     190639     168236        103           0.001478
 22     190536     168127         58           0.002275
 23     190478     168065         43           0.001689
 24     190435     168020         46           0.001821
 25     190389     167973         31           0.001814
 26     190358     167937         18           0.001836
 27     190340     167918      61922           0.013738
 28     128418     101647      16293           0.005400
 29     112125      81391       6324           0.003554
 30     105801      73616       2950           0.005360
 31     102851      70096       1453           0.002689
 32     101398      68355        766           0.002000
 33     100632      67440        363           0.002556
 34     100269      67002        183           0.001837
 35     100086      66791         96           0.001914
 36      99990      66682         46           0.002067
 37      99944      66632         28           0.001896
 38      99916      66594         19           0.001251
 39      99897      66573         12           0.001689
 40      99885      66560      30844           0.010025
 41      69041      33746       7357           0.004596
 42      61684      24526       2038           0.002740
 43      59646      22043        741           0.002280
 44      58905      21129        229           0.001322
 45      58676      20861         68           0.001876
 46      58608      20774         28           0.001627
 47      58580      20736      11827           0.005767
 48      46753       8304       2482           0.002942
 49      44271       5342        496           0.002398
 50      43775       4750        130           0.001752
 51      43645       4581         26           0.001202
 52      43619       4550       3090           0.002929
 53      40529       1306        648           0.001785
 54      39881        544         78           0.001790
 55      39803        457         14           0.001228
 56      39789        440        329           0.001823
 57      39460         85         52           0.001292
 58      39408         24         13           0.001219
 59      39395          9          6           0.001626
 60      39389          1          1           0.001344
==========================================================

================individual timings =======================
     SpMV      Update-Match   Update-UMC    Total 
==========================================================
     0.00409      0.00241      0.00239      0.00889 
     0.00225      0.00147      0.00156      0.00529 
     0.00106      0.00164      0.00115      0.00384 
     0.00121      0.00181      0.00112      0.00414 
     0.00077      0.00113      0.00156      0.00346 
     0.00187      0.00122      0.00184      0.00493 
     0.00085      0.00085      0.00120      0.00290 
     0.00068      0.00075      0.00094      0.00237 
     0.00070      0.00088      0.00115      0.00273 
     0.00073      0.00099      0.00115      0.00287 
     0.00867      0.00886      0.00318      0.02071 
     0.00202      0.00211      0.00127      0.00539 
     0.00163      0.00125      0.00062      0.00350 
     0.00100      0.00061      0.00052      0.00213 
     0.00079      0.00106      0.00083      0.00268 
     0.00076      0.00101      0.00077      0.00254 
     0.00071      0.00063      0.00074      0.00207 
     0.00068      0.00059      0.00072      0.00199 
     0.00068      0.00115      0.00073      0.00256 
     0.00068      0.00057      0.00030      0.00155 
     0.00071      0.00050      0.00027      0.00148 
     0.00096      0.00062      0.00070      0.00227 
     0.00066      0.00040      0.00063      0.00169 
     0.00072      0.00045      0.00066      0.00182 
     0.00065      0.00050      0.00067      0.00181 
     0.00065      0.00052      0.00067      0.00184 
     0.00728      0.00468      0.00178      0.01374 
     0.00198      0.00201      0.00142      0.00540 
     0.00130      0.00132      0.00093      0.00355 
     0.00090      0.00310      0.00136      0.00536 
     0.00091      0.00107      0.00071      0.00269 
     0.00074      0.00062      0.00064      0.00200 
     0.00068      0.00084      0.00103      0.00256 
     0.00065      0.00057      0.00062      0.00184 
     0.00079      0.00049      0.00062      0.00191 
     0.00065      0.00041      0.00100      0.00207 
     0.00119      0.00050      0.00021      0.00190 
     0.00064      0.00040      0.00021      0.00125 
     0.00063      0.00043      0.00063      0.00169 
     0.00589      0.00297      0.00117      0.01003 
     0.00154      0.00186      0.00119      0.00460 
     0.00097      0.00105      0.00072      0.00274 
     0.00077      0.00086      0.00065      0.00228 
     0.00073      0.00040      0.00020      0.00132 
     0.00063      0.00058      0.00066      0.00188 
     0.00063      0.00042      0.00058      0.00163 
     0.00208      0.00252      0.00117      0.00577 
     0.00093      0.00123      0.00079      0.00294 
     0.00070      0.00104      0.00066      0.00240 
     0.00065      0.00042      0.00068      0.00175 
     0.00062      0.00041      0.00017      0.00120 
     0.00110      0.00113      0.00070      0.00293 
     0.00071      0.00047      0.00060      0.00179 
     0.00066      0.00052      0.00061      0.00179 
     0.00061      0.00046      0.00016      0.00123 
     0.00076      0.00041      0.00065      0.00182 
     0.00069      0.00044      0.00016      0.00129 
     0.00062      0.00045      0.00015      0.00122 
     0.00062      0.00043      0.00057      0.00163 
     0.00060      0.00061      0.00014      0.00134 
-------------------------------------------------------
     0.07699      0.06912      0.05088      0.19699 
matrix  nprocesses nthreads ncores algorithm Unmatched-Rows  Cardinality Total Time***
/scratch2/scratchdirs/azad/unsymmetric/amazon0312.mtx 16 12 192 Karp-Sipser 39388    361339     0.196988
-------------------------------------------------------

=======================================================
@@@@@@ Number of processes: 16
=======================================================
It   |  UMRow   |  UMCol   |  newlyMatched   |  Time 
=======================================================
  1     400727     400727     109034           0.020308
  2     291693     291693     104615           0.014517
  3     187078     187078      73867           0.022068
  4     113211     113211      34559           0.036004
  5      78652      78652       8655           0.039066
  6      69997      69997       1203           0.008495
