**** Reading input matrix: /scratch2/scratchdirs/azad/unsymmetric/amazon0312.mtx ******* 
Matrix is Boolean
Total number of nonzeros expected across all processors is 3200440
File is 42238461 bytes
Total number of entries read across all processors is 3200440
As a whole: 400727 rows and 400727 columns and 3200440 nonzeros
Reader took 0.509298 seconds
Performing random permuation of matrix.
Performed random permuation of matrix.
Threading activated with 12 threads, and matrix split into 12 parts
 #####################################################
 ################## Run 1 ############################
 #####################################################
=======================================================
@@@@@@ Number of processes: 9
=======================================================
It   |  UMRow   |  UMCol   |  newlyMatched   |  Time 
=======================================================
Creating a new MPI data type for 11VertexType1
  1     400727     400727     246760           0.030684
  2     153967     136437      80651           0.018745
  3      73316      50010      30240           0.012833
  4      43076      15537       9924           0.007477
  5      33152       3604       2543           0.003349
  6      30609        593        494           0.002090
  7      30115         41         41           0.001747
==========================================================

================individual timings =======================
     SpMV      Update-Match   Update-UMC    Total 
==========================================================
     0.01128      0.01180      0.00761      0.03068 
     0.00799      0.00571      0.00505      0.01875 
     0.00592      0.00379      0.00312      0.01283 
     0.00372      0.00223      0.00153      0.00748 
     0.00137      0.00114      0.00084      0.00335 
     0.00071      0.00083      0.00055      0.00209 
     0.00060      0.00067      0.00047      0.00175 
-------------------------------------------------------
     0.03159      0.02617      0.01916      0.07693 
matrix  nprocesses nthreads ncores algorithm Unmatched-Rows  Cardinality Total Time***
/scratch2/scratchdirs/azad/unsymmetric/amazon0312.mtx 9 12 108 DMD 30074    370653     0.076926
-------------------------------------------------------

=======================================================
@@@@@@ Number of processes: 9
=======================================================
It   |  UMRow   |  UMCol   |  newlyMatched   |  Time 
=======================================================
  1     400727     400727      54602           0.009663
  2     346125     335957      17302           0.006386
  3     328823     317033       6696           0.004435
  4     322127     309852       2872           0.003279
  5     319255     306814       1304           0.003436
  6     317951     305413        585           0.003160
  7     317366     304793        255           0.002998
  8     317111     304520        127           0.002958
  9     316984     304382         57           0.002569
 10     316927     304320         18           0.002596
 11     316909     304298      86131           0.023363
 12     230778     214265      20618           0.006999
 13     210160     190354       9143           0.004858
 14     201017     180003       4597           0.004059
 15     196420     174761       2453           0.003186
 16     193967     172000       1360           0.002983
 17     192607     170502        798           0.002008
 18     191809     169608        438           0.002384
 19     191371     169127        273           0.002679
 20     191098     168827        166           0.002303
 21     190932     168629         91           0.001831
 22     190841     168534         68           0.002211
 23     190773     168462         48           0.002208
 24     190725     168411         31           0.002193
 25     190694     168377         21           0.002134
 26     190673     168356         16           0.002129
 27     190657     168340          8           0.001781
 28     190649     168328      56466           0.017079
 29     134183     108251      15256           0.005421
 30     118927      89236       6767           0.003816
 31     112160      80812       3235           0.002644
 32     108925      76915       1583           0.003014
 33     107342      75033        848           0.002786
 34     106494      74016        442           0.002613
 35     106052      73499        253           0.001890
 36     105799      73209        148           0.002312
 37     105651      73050        104           0.001845
 38     105547      72924         56           0.002204
 39     105491      72859         41           0.001810
 40     105450      72798         25           0.001803
 41     105425      72767         20           0.001779
 42     105405      72744         16           0.001788
 43     105389      72723      30934           0.010956
 44      74455      39919       7547           0.003769
 45      66908      30241       2560           0.003064
 46      64348      26901        932           0.001949
 47      63416      25789        334           0.002863
 48      63082      25371        117           0.002044
 49      62965      25217         40           0.002022
 50      62925      25162         16           0.001585
 51      62909      25140      13303           0.006216
 52      49606      11364       2810           0.003089
 53      46796       7838        702           0.002270
 54      46094       6924        139           0.001533
 55      45955       6741         25           0.001535
 56      45930       6711       4191           0.002413
 57      41739       2402        906           0.002321
 58      40833       1344        185           0.001997
 59      40648       1112         15           0.001115
 60      40633       1095        793           0.001742
 61      39840        291        158           0.001510
 62      39682        118         14           0.001416
 63      39668        103         88           0.001471
 64      39580         15         14           0.001107
 65      39566          1          1           0.001403
==========================================================

================individual timings =======================
     SpMV      Update-Match   Update-UMC    Total 
==========================================================
     0.00279      0.00189      0.00498      0.00966 
     0.00228      0.00134      0.00276      0.00639 
     0.00179      0.00098      0.00166      0.00444 
     0.00082      0.00047      0.00198      0.00328 
     0.00077      0.00077      0.00190      0.00344 
     0.00078      0.00070      0.00168      0.00316 
     0.00072      0.00068      0.00160      0.00300 
     0.00069      0.00069      0.00159      0.00296 
     0.00067      0.00034      0.00156      0.00257 
     0.00072      0.00032      0.00155      0.00260 
     0.01087      0.00793      0.00457      0.02336 
     0.00316      0.00173      0.00211      0.00700 
     0.00217      0.00119      0.00150      0.00486 
     0.00133      0.00101      0.00172      0.00406 
     0.00084      0.00085      0.00149      0.00319 
     0.00076      0.00078      0.00144      0.00298 
     0.00074      0.00036      0.00090      0.00201 
     0.00071      0.00035      0.00133      0.00238 
     0.00069      0.00070      0.00130      0.00268 
     0.00067      0.00033      0.00130      0.00230 
     0.00066      0.00032      0.00085      0.00183 
     0.00065      0.00033      0.00123      0.00221 
     0.00066      0.00032      0.00123      0.00221 
     0.00066      0.00032      0.00121      0.00219 
     0.00065      0.00033      0.00116      0.00213 
     0.00066      0.00031      0.00116      0.00213 
     0.00065      0.00030      0.00083      0.00178 
     0.00761      0.00547      0.00400      0.01708 
     0.00203      0.00160      0.00179      0.00542 
     0.00172      0.00106      0.00103      0.00382 
     0.00092      0.00098      0.00074      0.00264 
     0.00085      0.00081      0.00135      0.00301 
     0.00076      0.00077      0.00126      0.00279 
     0.00103      0.00109      0.00049      0.00261 
     0.00067      0.00033      0.00089      0.00189 
     0.00072      0.00072      0.00087      0.00231 
     0.00067      0.00033      0.00084      0.00184 
     0.00066      0.00070      0.00084      0.00220 
     0.00066      0.00032      0.00083      0.00181 
     0.00065      0.00032      0.00083      0.00180 
     0.00065      0.00031      0.00082      0.00178 
     0.00063      0.00031      0.00084      0.00179 
     0.00558      0.00319      0.00219      0.01096 
     0.00128      0.00129      0.00119      0.00377 
     0.00091      0.00097      0.00118      0.00306 
     0.00079      0.00083      0.00033      0.00195 
     0.00103      0.00117      0.00067      0.00286 
     0.00068      0.00073      0.00063      0.00204 
     0.00067      0.00071      0.00064      0.00202 
     0.00064      0.00030      0.00064      0.00158 
     0.00274      0.00205      0.00143      0.00622 
     0.00128      0.00095      0.00085      0.00309 
     0.00073      0.00086      0.00068      0.00227 
     0.00067      0.00032      0.00054      0.00153 
     0.00065      0.00031      0.00057      0.00153 
     0.00109      0.00083      0.00049      0.00241 
     0.00078      0.00085      0.00070      0.00232 
     0.00067      0.00074      0.00059      0.00200 
     0.00062      0.00033      0.00017      0.00111 
     0.00073      0.00042      0.00060      0.00174 
     0.00066      0.00032      0.00054      0.00151 
     0.00062      0.00031      0.00049      0.00142 
     0.00064      0.00032      0.00051      0.00147 
     0.00064      0.00031      0.00016      0.00111 
     0.00060      0.00066      0.00014      0.00140 
-------------------------------------------------------
     0.08350      0.05952      0.07996      0.22298 
matrix  nprocesses nthreads ncores algorithm Unmatched-Rows  Cardinality Total Time***
/scratch2/scratchdirs/azad/unsymmetric/amazon0312.mtx 9 12 108 Karp-Sipser-rand 39565    361162     0.222982
-------------------------------------------------------

=======================================================
@@@@@@ Number of processes: 9
=======================================================
It   |  UMRow   |  UMCol   |  newlyMatched   |  Time 
=======================================================
  1     400727     400727     109079           0.022664
  2     291648     291648      89972           0.019011
  3     201676     201676      71832           0.013675
  4     129844     129844      41765           0.009142
  5      88079      88079      13578           0.005988
  6      74501      74501       2633           0.004128
  7      71868      71868        316           0.003918
  8      71552      71552         19           0.003403
  9      71533      71533          1           0.003301
 10      71532      71532          0           0.004210
==========================================================

================individual timings =======================
     SpMV      Update-Match   Update-UMC    Total 
==========================================================
     0.01211      0.01011      0.00045      0.02266 
     0.01056      0.00818      0.00027      0.01901 
     0.00698      0.00652      0.00017      0.01367 
     0.00561      0.00343      0.00010      0.00914 
     0.00411      0.00182      0.00006      0.00599 
     0.00293      0.00115      0.00005      0.00413 
     0.00301      0.00086      0.00005      0.00392 
     0.00251      0.00085      0.00005      0.00340 
     0.00255      0.00071      0.00004      0.00330 
     0.00401      0.00015      0.00005      0.00421 
-------------------------------------------------------
     0.05439      0.03377      0.00129      0.08944 
matrix  nprocesses nthreads ncores algorithm Unmatched-Rows  Cardinality Total Time***
/scratch2/scratchdirs/azad/unsymmetric/amazon0312.mtx 9 12 108 Greedy-rand 71532    329195     0.089440
-------------------------------------------------------

=======================================================
@@@@@@ Number of processes: 9
=======================================================
It   |  UMRow   |  UMCol   |  newlyMatched   |  Time 
=======================================================
  1     400727     400727      54602           0.010748
  2     346125     335957      17302           0.005912
  3     328823     317033       6696           0.004338
  4     322127     309852       2872           0.003630
  5     319255     306814       1304           0.002999
  6     317951     305413        585           0.003520
  7     317366     304793        255           0.002498
  8     317111     304520        127           0.002465
  9     316984     304382         57           0.002777
 10     316927     304320         18           0.002425
 11     316909     304298      85766           0.028520
 12     231143     214453      20963           0.006215
 13     210180     190240       9049           0.004512
 14     201131     180118       4475           0.003619
 15     196656     175094       2396           0.002721
 16     194260     172397       1370           0.002069
 17     192890     170888        777           0.002328
 18     192113     170025        456           0.001854
 19     191657     169522        282           0.002080
 20     191375     169206        190           0.001708
 21     191185     168994        113           0.001364
 22     191072     168872         71           0.001354
 23     191001     168795         54           0.001347
 24     190947     168734         33           0.001338
 25     190914     168701         27           0.001339
 26     190887     168669         16           0.001321
 27     190871     168653         11           0.001664
 28     190860     168638         11           0.001326
 29     190849     168626      62181           0.017712
 30     128668     102014      16372           0.005766
 31     112296      81626       6425           0.003843
 32     105871      73861       2990           0.002995
 33     102881      70262       1480           0.002400
 34     101401      68524        780           0.002340
 35     100621      67603        407           0.002560
 36     100214      67136        215           0.001647
 37      99999      66873        114           0.001709
 38      99885      66737         60           0.001262
 39      99825      66666         28           0.001242
 40      99797      66632         10           0.001220
 41      99787      66621      30973           0.010662
 42      68814      33629       7290           0.004269
 43      61524      24420       2000           0.003161
 44      59524      21992        711           0.002312
 45      58813      21097        248           0.001285
 46      58565      20805         76           0.001555
 47      58489      20710         26           0.001191
 48      58463      20679         13           0.001151
 49      58450      20661      11719           0.006590
 50      46731       8367       2567           0.003222
 51      44164       5257        489           0.002213
 52      43675       4678        108           0.001843
 53      43567       4545         20           0.001115
 54      43547       4521       3047           0.003247
 55      40500       1323        650           0.002216
 56      39850        574         93           0.001819
 57      39757        470        363           0.001921
 58      39394         96         57           0.001851
 59      39337         29         18           0.001110
 60      39319          8          6           0.001085
 61      39313          1          1           0.001050
==========================================================

================individual timings =======================
     SpMV      Update-Match   Update-UMC    Total 
==========================================================
     0.00452      0.00205      0.00418      0.01075 
     0.00205      0.00093      0.00293      0.00591 
     0.00153      0.00103      0.00178      0.00434 
     0.00088      0.00081      0.00194      0.00363 
     0.00079      0.00039      0.00181      0.00300 
     0.00075      0.00077      0.00199      0.00352 
     0.00073      0.00033      0.00143      0.00250 
     0.00072      0.00032      0.00142      0.00247 
     0.00071      0.00032      0.00174      0.00278 
     0.00070      0.00031      0.00141      0.00242 
     0.01103      0.01315      0.00434      0.02852 
     0.00300      0.00180      0.00142      0.00622 
     0.00187      0.00135      0.00129      0.00451 
     0.00199      0.00101      0.00062      0.00362 
     0.00090      0.00089      0.00093      0.00272 
     0.00082      0.00083      0.00041      0.00207 
     0.00075      0.00079      0.00079      0.00233 
     0.00074      0.00034      0.00077      0.00185 
     0.00073      0.00068      0.00067      0.00208 
     0.00072      0.00032      0.00067      0.00171 
     0.00072      0.00032      0.00033      0.00136 
     0.00071      0.00031      0.00033      0.00135 
     0.00070      0.00032      0.00032      0.00135 
     0.00070      0.00031      0.00032      0.00134 
     0.00070      0.00031      0.00032      0.00134 
     0.00070      0.00030      0.00032      0.00132 
     0.00069      0.00031      0.00066      0.00166 
     0.00070      0.00031      0.00031      0.00133 
     0.00811      0.00662      0.00298      0.01771 
     0.00262      0.00194      0.00121      0.00577 
     0.00178      0.00134      0.00072      0.00384 
     0.00107      0.00102      0.00090      0.00300 
     0.00082      0.00081      0.00077      0.00240 
     0.00077      0.00084      0.00073      0.00234 
     0.00072      0.00156      0.00028      0.00256 
     0.00072      0.00067      0.00026      0.00165 
     0.00070      0.00076      0.00024      0.00171 
     0.00067      0.00033      0.00026      0.00126 
     0.00068      0.00032      0.00024      0.00124 
     0.00066      0.00032      0.00024      0.00122 
     0.00496      0.00354      0.00216      0.01066 
     0.00143      0.00135      0.00149      0.00427 
     0.00103      0.00133      0.00080      0.00316 
     0.00076      0.00084      0.00071      0.00231 
     0.00071      0.00035      0.00023      0.00129 
     0.00068      0.00067      0.00021      0.00156 
     0.00066      0.00033      0.00020      0.00119 
     0.00055      0.00040      0.00020      0.00115 
     0.00306      0.00224      0.00129      0.00659 
     0.00095      0.00141      0.00086      0.00322 
     0.00074      0.00082      0.00066      0.00221 
     0.00066      0.00065      0.00053      0.00184 
     0.00063      0.00031      0.00017      0.00111 
     0.00137      0.00106      0.00082      0.00325 
     0.00074      0.00082      0.00066      0.00222 
     0.00064      0.00066      0.00052      0.00182 
     0.00067      0.00072      0.00052      0.00192 
     0.00063      0.00071      0.00051      0.00185 
     0.00062      0.00033      0.00016      0.00111 
     0.00062      0.00031      0.00016      0.00108 
     0.00049      0.00042      0.00014      0.00105 
-------------------------------------------------------
     0.08348      0.06678      0.05729      0.20755 
matrix  nprocesses nthreads ncores algorithm Unmatched-Rows  Cardinality Total Time***
/scratch2/scratchdirs/azad/unsymmetric/amazon0312.mtx 9 12 108 Karp-Sipser 39312    361415     0.207554
-------------------------------------------------------

=======================================================
@@@@@@ Number of processes: 9
=======================================================
It   |  UMRow   |  UMCol   |  newlyMatched   |  Time 
=======================================================
  1     400727     400727     108517           0.028001
  2     292210     292210     104567           0.021067
  3     187643     187643      74021           0.014197
  4     113622     113622      34817           0.009943
  5      78805      78805       8798           0.005883
  6      70007      70007       1313           0.005059
  7      68694      68694         89           0.003993
  8      68605      68605          4           0.004612
  9      68601      68601          0           0.004229
==========================================================

================individual timings =======================
     SpMV      Update-Match   Update-UMC    Total 
==========================================================
     0.01149      0.01617      0.00035      0.02800 
     0.01096      0.01002      0.00008      0.02107 
     0.00861      0.00556      0.00003      0.01420 
     0.00568      0.00425      0.00001      0.00994 
     0.00398      0.00190      0.00001      0.00588 
     0.00404      0.00101      0.00001      0.00506 
     0.00311      0.00087      0.00001      0.00399 
     0.00386      0.00074      0.00001      0.00461 
     0.00408      0.00014      0.00001      0.00423 
-------------------------------------------------------
     0.05581      0.04067      0.00051      0.09698 
matrix  nprocesses nthreads ncores algorithm Unmatched-Rows  Cardinality Total Time***
/scratch2/scratchdirs/azad/unsymmetric/amazon0312.mtx 9 12 108 Greedy 68601    332126     0.096984
-------------------------------------------------------

 #####################################################
 ################## Run 2 ############################
 #####################################################
=======================================================
@@@@@@ Number of processes: 9
=======================================================
It   |  UMRow   |  UMCol   |  newlyMatched   |  Time 
=======================================================
  1     400727     400727     246760           0.029360
  2     153967     136437      80651           0.017032
  3      73316      50010      30240           0.010485
  4      43076      15537       9924           0.005819
  5      33152       3604       2543           0.003190
  6      30609        593        494           0.002223
  7      30115         41         41           0.001592
==========================================================

================individual timings =======================
     SpMV      Update-Match   Update-UMC    Total 
==========================================================
     0.01156      0.01028      0.00753      0.02936 
     0.00751      0.00564      0.00388      0.01703 
     0.00531      0.00298      0.00220      0.01048 
     0.00275      0.00211      0.00096      0.00582 
     0.00153      0.00126      0.00040      0.00319 
     0.00079      0.00086      0.00058      0.00222 
     0.00067      0.00076      0.00016      0.00159 
-------------------------------------------------------
     0.03012      0.02388      0.01570      0.06970 
matrix  nprocesses nthreads ncores algorithm Unmatched-Rows  Cardinality Total Time***
/scratch2/scratchdirs/azad/unsymmetric/amazon0312.mtx 9 12 108 DMD 30074    370653     0.069701
-------------------------------------------------------

=======================================================
@@@@@@ Number of processes: 9
=======================================================
It   |  UMRow   |  UMCol   |  newlyMatched   |  Time 
=======================================================
  1     400727     400727      54602           0.010136
  2     346125     335957      17302           0.005244
  3     328823     317033       6696           0.004415
  4     322127     309852       2872           0.003246
  5     319255     306814       1304           0.003048
  6     317951     305413        585           0.002938
  7     317366     304793        255           0.002829
  8     317111     304520        127           0.002495
  9     316984     304382         57           0.002452
 10     316927     304320         18           0.002369
 11     316909     304298      85684           0.024025
 12     231225     214754      20521           0.005831
 13     210704     190949       9136           0.004271
 14     201568     180567       4466           0.003864
 15     197102     175463       2452           0.002228
 16     194650     172702       1380           0.002093
 17     193270     171141        809           0.002412
 18     192461     170227        474           0.002217
 19     191987     169697        272           0.002585
 20     191715     169398        182           0.002485
 21     191533     169200        118           0.001807
 22     191415     169076         68           0.001798
 23     191347     168998         42           0.001776
 24     191305     168951         30           0.001770
 25     191275     168916         18           0.002114
 26     191257     168897      56280           0.015533
 27     134977     109102      15365           0.004628
 28     119612      89917       6849           0.003870
 29     112763      81411       3350           0.002645
 30     109413      77362       1707           0.002288
 31     107706      75351        911           0.002034
 32     106795      74278        483           0.001829
 33     106312      73727        262           0.001800
 34     106050      73416        153           0.001406
 35     105897      73226         84           0.001370
 36     105813      73129         43           0.001359
 37     105770      73078         31           0.001802
 38     105739      73044         16           0.001350
 39     105723      73023          7           0.001343
 40     105716      73013      30849           0.010411
 41      74867      40321       7634           0.003394
 42      67233      30525       2662           0.002430
 43      64571      27106        960           0.002004
 44      63611      25888        329           0.001370
 45      63282      25489        125           0.001636
 46      63157      25330         49           0.001262
 47      63108      25268         16           0.001673
 48      63092      25252      13156           0.004996
 49      49936      11633       2866           0.002461
 50      47070       8070        779           0.001460
 51      46291       7045        170           0.002135
 52      46121       6828         41           0.001205
 53      46080       6771       4219           0.002354
 54      41861       2472        856           0.001906
 55      41005       1474        203           0.002024
 56      40802       1221         18           0.001595
 57      40784       1202        872           0.001447
 58      39912        320        167           0.001562
 59      39745        136         16           0.001171
 60      39729        119         97           0.001525
 61      39632         21         17           0.001148
 62      39615          4          3           0.001102
 63      39612          1          1           0.001070
==========================================================

================individual timings =======================
     SpMV      Update-Match   Update-UMC    Total 
==========================================================
     0.00364      0.00196      0.00454      0.01014 
     0.00208      0.00090      0.00226      0.00524 
     0.00163      0.00102      0.00176      0.00442 
     0.00090      0.00089      0.00145      0.00325 
     0.00084      0.00086      0.00135      0.00305 
     0.00079      0.00037      0.00177      0.00294 
     0.00075      0.00035      0.00173      0.00283 
     0.00076      0.00035      0.00139      0.00250 
     0.00073      0.00035      0.00137      0.00245 
     0.00073      0.00036      0.00128      0.00237 
     0.01111      0.00823      0.00468      0.02402 
     0.00205      0.00165      0.00214      0.00583 
     0.00168      0.00123      0.00136      0.00427 
     0.00168      0.00109      0.00110      0.00386 
     0.00090      0.00042      0.00091      0.00223 
     0.00082      0.00041      0.00086      0.00209 
     0.00080      0.00082      0.00079      0.00241 
     0.00077      0.00034      0.00111      0.00222 
     0.00074      0.00034      0.00150      0.00258 
     0.00073      0.00036      0.00139      0.00249 
     0.00072      0.00034      0.00074      0.00181 
     0.00073      0.00033      0.00074      0.00180 
     0.00071      0.00033      0.00073      0.00178 
     0.00071      0.00034      0.00073      0.00177 
     0.00071      0.00034      0.00106      0.00211 
     0.00782      0.00473      0.00299      0.01553 
     0.00160      0.00166      0.00137      0.00463 
     0.00166      0.00127      0.00094      0.00387 
     0.00105      0.00095      0.00065      0.00264 
     0.00087      0.00089      0.00053      0.00229 
     0.00080      0.00083      0.00040      0.00203 
     0.00077      0.00035      0.00071      0.00183 
     0.00073      0.00038      0.00069      0.00180 
     0.00071      0.00036      0.00034      0.00141 
     0.00070      0.00034      0.00033      0.00137 
     0.00071      0.00032      0.00033      0.00136 
     0.00070      0.00035      0.00076      0.00180 
     0.00070      0.00033      0.00032      0.00135 
     0.00068      0.00034      0.00032      0.00134 
     0.00498      0.00336      0.00208      0.01041 
     0.00128      0.00133      0.00078      0.00339 
     0.00099      0.00100      0.00044      0.00243 
     0.00083      0.00083      0.00035      0.00200 
     0.00074      0.00036      0.00026      0.00137 
     0.00072      0.00032      0.00059      0.00164 
     0.00070      0.00033      0.00023      0.00126 
     0.00070      0.00031      0.00066      0.00167 
     0.00219      0.00184      0.00097      0.00500 
     0.00092      0.00106      0.00048      0.00246 
     0.00083      0.00037      0.00026      0.00146 
     0.00070      0.00078      0.00065      0.00214 
     0.00069      0.00032      0.00019      0.00120 
     0.00111      0.00078      0.00047      0.00235 
     0.00077      0.00086      0.00027      0.00191 
     0.00071      0.00077      0.00054      0.00202 
     0.00068      0.00032      0.00060      0.00160 
     0.00080      0.00041      0.00024      0.00145 
     0.00071      0.00033      0.00053      0.00156 
     0.00068      0.00033      0.00016      0.00117 
     0.00069      0.00032      0.00051      0.00152 
     0.00067      0.00032      0.00016      0.00115 
     0.00065      0.00031      0.00015      0.00110 
     0.00063      0.00030      0.00014      0.00107 
-------------------------------------------------------
     0.08159      0.05431      0.06114      0.19705 
matrix  nprocesses nthreads ncores algorithm Unmatched-Rows  Cardinality Total Time***
/scratch2/scratchdirs/azad/unsymmetric/amazon0312.mtx 9 12 108 Karp-Sipser-rand 39611    361116     0.197046
-------------------------------------------------------

=======================================================
@@@@@@ Number of processes: 9
=======================================================
It   |  UMRow   |  UMCol   |  newlyMatched   |  Time 
=======================================================
  1     400727     400727     108333           0.019744
  2     292394     292394      90708           0.016185
  3     201686     201686      71459           0.013068
  4     130227     130227      42332           0.008197
  5      87895      87895      13566           0.004959
  6      74329      74329       2584           0.003852
  7      71745      71745        332           0.003489
  8      71413      71413         13           0.003463
  9      71400      71400          0           0.004307
==========================================================

================individual timings =======================
     SpMV      Update-Match   Update-UMC    Total 
==========================================================
     0.01155      0.00774      0.00046      0.01974 
     0.00965      0.00627      0.00026      0.01618 
     0.00725      0.00565      0.00017      0.01307 
     0.00422      0.00388      0.00010      0.00820 
     0.00317      0.00173      0.00006      0.00496 
     0.00268      0.00112      0.00005      0.00385 
     0.00256      0.00089      0.00005      0.00349 
     0.00258      0.00083      0.00005      0.00346 
     0.00412      0.00014      0.00005      0.00431 
-------------------------------------------------------
     0.04778      0.02826      0.00123      0.07726 
matrix  nprocesses nthreads ncores algorithm Unmatched-Rows  Cardinality Total Time***
/scratch2/scratchdirs/azad/unsymmetric/amazon0312.mtx 9 12 108 Greedy-rand 71400    329327     0.077264
-------------------------------------------------------

=======================================================
@@@@@@ Number of processes: 9
=======================================================
It   |  UMRow   |  UMCol   |  newlyMatched   |  Time 
=======================================================
  1     400727     400727      54602           0.009271
  2     346125     335957      17302           0.005091
  3     328823     317033       6696           0.003476
  4     322127     309852       2872           0.002703
  5     319255     306814       1304           0.002536
  6     317951     305413        585           0.002865
  7     317366     304793        255           0.002693
  8     317111     304520        127           0.002340
  9     316984     304382         57           0.002308
 10     316927     304320         18           0.002293
 11     316909     304298      85766           0.028900
 12     231143     214453      20963           0.005079
 13     210180     190240       9049           0.003612
 14     201131     180118       4475           0.002567
 15     196656     175094       2396           0.001823
 16     194260     172397       1370           0.002468
 17     192890     170888        777           0.001983
 18     192113     170025        456           0.001910
 19     191657     169522        282           0.001778
 20     191375     169206        190           0.001752
 21     191185     168994        113           0.001393
 22     191072     168872         71           0.001386
 23     191001     168795         54           0.001374
 24     190947     168734         33           0.001364
 25     190914     168701         27           0.001366
 26     190887     168669         16           0.001373
 27     190871     168653         11           0.001676
 28     190860     168638         11           0.001372
 29     190849     168626      62181           0.018019
 30     128668     102014      16372           0.005239
 31     112296      81626       6425           0.003680
 32     105871      73861       2990           0.003002
 33     102881      70262       1480           0.002086
 34     101401      68524        780           0.002378
 35     100621      67603        407           0.001406
 36     100214      67136        215           0.001340
 37      99999      66873        114           0.001300
 38      99885      66737         60           0.001324
 39      99825      66666         28           0.001258
 40      99797      66632         10           0.001255
 41      99787      66621      30973           0.010019
 42      68814      33629       7290           0.004800
 43      61524      24420       2000           0.002795
 44      59524      21992        711           0.002397
 45      58813      21097        248           0.001349
 46      58565      20805         76           0.001233
 47      58489      20710         26           0.001658
 48      58463      20679         13           0.001204
 49      58450      20661      11719           0.006001
 50      46731       8367       2567           0.003256
 51      44164       5257        489           0.001369
 52      43675       4678        108           0.001240
 53      43567       4545         20           0.001151
 54      43547       4521       3047           0.002986
 55      40500       1323        650           0.001830
 56      39850        574         93           0.001533
 57      39757        470        363           0.001307
 58      39394         96         57           0.001601
 59      39337         29         18           0.001147
 60      39319          8          6           0.001119
 61      39313          1          1           0.001070
==========================================================

================individual timings =======================
     SpMV      Update-Match   Update-UMC    Total 
==========================================================
     0.00331      0.00197      0.00399      0.00927 
     0.00204      0.00089      0.00216      0.00509 
     0.00116      0.00063      0.00168      0.00348 
     0.00089      0.00046      0.00135      0.00270 
     0.00082      0.00040      0.00132      0.00254 
     0.00077      0.00037      0.00173      0.00287 
     0.00075      0.00034      0.00161      0.00269 
     0.00074      0.00034      0.00126      0.00234 
     0.00073      0.00032      0.00125      0.00231 
     0.00072      0.00032      0.00125      0.00229 
     0.01062      0.01384      0.00444      0.02890 
     0.00166      0.00183      0.00159      0.00508 
     0.00165      0.00115      0.00081      0.00361 
     0.00100      0.00099      0.00058      0.00257 
     0.00089      0.00047      0.00047      0.00182 
     0.00085      0.00039      0.00123      0.00247 
     0.00078      0.00038      0.00082      0.00198 
     0.00077      0.00035      0.00080      0.00191 
     0.00075      0.00034      0.00068      0.00178 
     0.00075      0.00033      0.00067      0.00175 
     0.00075      0.00032      0.00033      0.00139 
     0.00074      0.00032      0.00032      0.00139 
     0.00074      0.00031      0.00032      0.00137 
     0.00073      0.00032      0.00032      0.00136 
     0.00074      0.00031      0.00032      0.00137 
     0.00073      0.00031      0.00033      0.00137 
     0.00072      0.00030      0.00065      0.00168 
     0.00074      0.00032      0.00031      0.00137 
     0.00893      0.00629      0.00280      0.01802 
     0.00210      0.00192      0.00122      0.00524 
     0.00143      0.00159      0.00066      0.00368 
     0.00107      0.00103      0.00090      0.00300 
     0.00083      0.00046      0.00079      0.00209 
     0.00079      0.00085      0.00074      0.00238 
     0.00075      0.00038      0.00028      0.00141 
     0.00074      0.00034      0.00026      0.00134 
     0.00073      0.00032      0.00025      0.00130 
     0.00071      0.00035      0.00026      0.00132 
     0.00071      0.00031      0.00024      0.00126 
     0.00069      0.00033      0.00024      0.00126 
     0.00497      0.00346      0.00158      0.01002 
     0.00141      0.00187      0.00152      0.00480 
     0.00098      0.00098      0.00084      0.00279 
     0.00079      0.00085      0.00075      0.00240 
     0.00072      0.00039      0.00024      0.00135 
     0.00070      0.00032      0.00021      0.00123 
     0.00068      0.00033      0.00065      0.00166 
     0.00055      0.00045      0.00020      0.00120 
     0.00210      0.00263      0.00128      0.00600 
     0.00093      0.00145      0.00087      0.00326 
     0.00073      0.00040      0.00023      0.00137 
     0.00069      0.00036      0.00019      0.00124 
     0.00067      0.00031      0.00017      0.00115 
     0.00100      0.00115      0.00084      0.00299 
     0.00073      0.00043      0.00067      0.00183 
     0.00067      0.00034      0.00052      0.00153 
     0.00071      0.00040      0.00020      0.00131 
     0.00064      0.00033      0.00063      0.00160 
     0.00064      0.00034      0.00016      0.00115 
     0.00064      0.00032      0.00016      0.00112 
     0.00050      0.00043      0.00014      0.00107 
-------------------------------------------------------
     0.07847      0.06037      0.05326      0.19210 
