**** Reading input matrix: /scratch2/scratchdirs/azad/symmetric/coPapersDBLP.mtx ******* 
Matrix is Boolean
Matrix is symmetric
Total number of nonzeros expected across all processors is 15245729
File is 200648163 bytes
Total number of entries read across all processors is 15245729
As a whole: 540486 rows and 540486 columns and 30491458 nonzeros
Reader took 1.27 seconds
Performing random permuation of matrix.
Performed random permuation of matrix.
Threading activated with 12 threads, and matrix split into 12 parts
 #####################################################
 ################## Run 1 ############################
 #####################################################
=======================================================
@@@@@@ Number of processes: 169
=======================================================
It   |  UMRow   |  UMCol   |  newlyMatched   |  Time 
=======================================================
Creating a new MPI data type for 11VertexType1
  1     540486     540486     214284           0.024910
  2     326202     325783      87448           0.048446
  3     238754     238290      52713           0.027385
  4     186041     185540      37980           0.024150
  5     148061     147528      28806           0.025873
  6     119255     118679      22014           0.022922
  7      97241      96605      17623           0.019404
  8      79618      78918      14168           0.051192
  9      65450      64628      11302           0.035721
 10      54148      53159       9146           0.033827
 11      45002      43607       7150           0.029084
 12      37852      35790       5471           0.019522
 13      32381      29078       4041           0.018401
 14      28340      23179       2965           0.017821
 15      25375      18077       1900           0.020414
 16      23475      13058       1047           0.009842
 17      22428       8259        436           0.007676
 18      21992       3352        158           0.004698
 19      21834       2135         70           0.005074
 20      21764       1462         47           0.006977
 21      21717       1205         44           0.002619
 22      21673        919         35           0.002389
 23      21638        749         21           0.002453
 24      21617        391         13           0.003251
 25      21604        378         12           0.029068
 26      21592        366         10           0.011158
 27      21582        191         15           0.003489
 28      21567        176         10           0.003581
 29      21557        166          6           0.005971
 30      21551        160          5           0.004372
 31      21546        155          3           0.002653
 32      21543        119          5           0.002510
 33      21538        114          4           0.002430
 34      21534        110          2           0.002422
 35      21532        108          3           0.008635
 36      21529        105          3           0.004632
==========================================================

================individual timings =======================
     SpMV      Update-Match   Update-UMC    Total 
==========================================================
     0.01152      0.00653      0.00685      0.02491 
     0.02071      0.02099      0.00674      0.04845 
     0.01122      0.01230      0.00387      0.02739 
     0.01138      0.00798      0.00479      0.02415 
     0.00953      0.01283      0.00352      0.02587 
     0.00755      0.01224      0.00313      0.02292 
     0.00657      0.00875      0.00409      0.01940 
     0.02207      0.02094      0.00818      0.05119 
     0.01388      0.01682      0.00501      0.03572 
     0.01097      0.01634      0.00651      0.03383 
     0.01127      0.01242      0.00540      0.02908 
     0.00781      0.00884      0.00287      0.01952 
     0.00716      0.00782      0.00342      0.01840 
     0.00664      0.00711      0.00407      0.01782 
     0.00842      0.01035      0.00164      0.02041 
     0.00247      0.00593      0.00145      0.00984 
     0.00182      0.00443      0.00143      0.00768 
     0.00156      0.00227      0.00086      0.00470 
     0.00109      0.00228      0.00170      0.00507 
     0.00091      0.00516      0.00090      0.00698 
     0.00042      0.00189      0.00032      0.00262 
     0.00083      0.00125      0.00030      0.00239 
     0.00082      0.00136      0.00027      0.00245 
     0.00061      0.00231      0.00033      0.00325 
     0.00266      0.00446      0.02194      0.02907 
     0.00481      0.00558      0.00077      0.01116 
     0.00089      0.00230      0.00030      0.00349 
     0.00071      0.00215      0.00073      0.00358 
     0.00131      0.00341      0.00126      0.00597 
     0.00146      0.00246      0.00045      0.00437 
     0.00071      0.00141      0.00054      0.00265 
     0.00055      0.00166      0.00030      0.00251 
     0.00051      0.00163      0.00029      0.00243 
     0.00073      0.00138      0.00031      0.00242 
     0.00069      0.00424      0.00371      0.00864 
     0.00094      0.00291      0.00078      0.00463 
-------------------------------------------------------
     0.19321      0.24274      0.10902      0.54497 
matrix  nprocesses nthreads ncores algorithm Unmatched-Rows  Cardinality Total Time***
/scratch2/scratchdirs/azad/symmetric/coPapersDBLP.mtx 169 12 2028 DMD 21526    518960     0.544972
-------------------------------------------------------

=======================================================
@@@@@@ Number of processes: 169
=======================================================
It   |  UMRow   |  UMCol   |  newlyMatched   |  Time 
=======================================================
  1     540486     540486       8637           0.005677
  2     531849     531596        896           0.004797
  3     530953     530694         87           0.004948
  4     530866     530607         12           0.005888
  5     530854     530595      78660           0.029071
  6     452194     451127       4843           0.024430
  7     447351     446089       1485           0.008981
  8     445866     444575        151           0.017887
  9     445715     444416         18           0.013900
 10     445697     444398      53888           0.049492
 11     391809     390048       3425           0.008984
 12     388384     386334        977           0.006831
 13     387407     385255        116           0.015717
 14     387291     385129         22           0.014494
 15     387269     385105      41503           0.023553
 16     345766     343287       2693           0.005508
 17     343073     340255        663           0.006243
 18     342410     339468         85           0.005075
 19     342325     339373         10           0.010344
 20     342315     339361      33563           0.024672
 21     308752     305582       2273           0.004679
 22     306479     302930        523           0.003974
 23     305956     302271         64           0.002330
 24     305892     302190      27862           0.014117
 25     278030     274161       1828           0.004872
 26     276202     271964        384           0.003929
 27     275818     271468         44           0.006237
 28     275774     271416      23887           0.013000
 29     251887     247415       1501           0.005385
 30     250386     245575        339           0.005790
 31     250047     245122         46           0.003583
 32     250001     245064          7           0.004738
 33     249994     245054      20680           0.011273
 34     229314     224264       1439           0.004391
 35     227875     222461        294           0.003641
 36     227581     222055         45           0.006848
 37     227536     221992          6           0.002830
 38     227530     221981      17884           0.012321
 39     209646     204006       1195           0.006262
 40     208451     202482        229           0.004549
 41     208222     202162         29           0.004315
 42     208193     202123      16078           0.011533
 43     192115     185975       1095           0.004235
 44     191020     184549        201           0.003778
 45     190819     184256         23           0.003396
 46     190796     184229      14424           0.011383
 47     176372     169743        924           0.003398
 48     175448     168509        182           0.002967
 49     175266     168233         24           0.005491
 50     175242     168202      12941           0.006566
 51     162301     155201        875           0.003828
 52     161426     154009        148           0.003345
 53     161278     153802         16           0.002381
 54     161262     153773      11621           0.009461
 55     149641     142097        856           0.005895
 56     148785     140923        116           0.007284
 57     148669     140768         18           0.003083
 58     148651     140746      10541           0.006566
 59     138110     130168        759           0.006969
 60     137351     129127        106           0.003836
 61     137245     128956         14           0.002826
 62     137231     128936       9642           0.009846
 63     127589     119257        666           0.006111
 64     126923     118315        103           0.003513
 65     126820     118173         12           0.008907
 66     126808     118159       8764           0.014323
 67     118044     109368        592           0.007089
 68     117452     108530         83           0.006964
 69     117369     108403          9           0.008937
 70     117360     108389       7992           0.010502
 71     109368     100364        602           0.003619
 72     108766      99507         78           0.003407
 73     108688      99402         12           0.002893
 74     108676      99382       7263           0.009108
 75     101413      92087        507           0.005849
 76     100906      91358         73           0.003921
 77     100833      91246          9           0.003076
 78     100824      91232       6570           0.011033
 79      94254      84638        494           0.003790
 80      93760      83884         70           0.002969
 81      93690      83794          7           0.002523
 82      93683      83783       6024           0.006878
 83      87659      77733        429           0.003956
 84      87230      77124         46           0.003273
 85      87184      77048       5686           0.005850
 86      81498      71329        430           0.003321
 87      81068      70698         66           0.003841
 88      81002      70595       5139           0.005144
 89      75863      65433        349           0.003919
 90      75514      64908         42           0.004751
 91      75472      64838       4862           0.009907
 92      70610      59953        363           0.005651
 93      70247      59442         43           0.003632
 94      70204      59377       4353           0.005689
 95      65851      55015        297           0.004724
 96      65554      54544         38           0.004856
 97      65516      54488       3990           0.008290
 98      61526      50485        312           0.004573
 99      61214      50009         40           0.007333
100      61174      49947       3704           0.009270
101      57470      46236        277           0.004371
102      57193      45835         34           0.003018
103      57159      45787       3344           0.008990
104      53815      42429        255           0.004165
105      53560      42042         30           0.004757
106      53530      41995          6           0.004810
107      53524      41985       3134           0.008992
108      50390      38840        197           0.005389
109      50193      38512         21           0.005350
110      50172      38484       2790           0.005201
111      47382      35688        255           0.004387
112      47127      35302         33           0.003364
113      47094      35250       2680           0.004261
114      44414      32557        208           0.007145
115      44206      32249         19           0.002912
116      44187      32221       2408           0.006506
117      41779      29812        195           0.005181
118      41584      29538         21           0.006669
119      41563      29498       2197           0.004847
120      39366      27295        175           0.003615
121      39191      27038         24           0.005250
122      39167      27005       1998           0.005168
123      37169      25002        150           0.004080
124      37019      24771         19           0.003197
125      37000      24744       1833           0.005825
126      35167      22910        124           0.002993
127      35043      22723         14           0.002852
128      35029      22701       1725           0.006653
129      33304      20975        143           0.004638
130      33161      20763         10           0.006603
131      33151      20748       1589           0.011659
132      31562      19155        102           0.003789
133      31460      19013         15           0.002294
134      31445      18989       1525           0.003742
135      29920      17462         99           0.004388
136      29821      17319         13           0.006442
137      29808      17303       1357           0.006893
138      28451      15941         98           0.003425
139      28353      15810          7           0.008599
140      28346      15798       1232           0.004811
141      27114      14563         79           0.003487
142      27035      14448       1148           0.004175
143      25887      13300         80           0.007200
144      25807      13194       1083           0.005609
145      24724      12108         85           0.004471
146      24639      11995        980           0.007443
147      23659      11014         60           0.005729
148      23599      10931        875           0.004561
149      22724      10056         60           0.004433
150      22664       9974        785           0.008382
151      21879       9188         44           0.004767
152      21835       9116        787           0.005594
153      21048       8325         56           0.006093
154      20992       8249        653           0.007286
155      20339       7593         52           0.006422
156      20287       7521        609           0.007077
157      19678       6911         32           0.007260
158      19646       6869        538           0.005054
159      19108       6331         47           0.004747
160      19061       6265        496           0.006854
161      18565       5767         32           0.005022
162      18533       5725        476           0.003590
163      18057       5247         29           0.003787
164      18028       5207        419           0.004563
165      17609       4788         26           0.008485
166      17583       4757        380           0.006855
167      17203       4377         31           0.004770
168      17172       4336        347           0.005220
169      16825       3989         18           0.006135
170      16807       3964        310           0.004305
171      16497       3654         24           0.005262
172      16473       3617        291           0.004314
173      16182       3326         13           0.006093
174      16169       3309        249           0.003261
175      15920       3060          9           0.004530
176      15911       3050        230           0.003803
177      15681       2820         15           0.007214
178      15666       2802        214           0.003337
179      15452       2588          9           0.002013
180      15443       2577        183           0.003335
181      15260       2394          8           0.002696
182      15252       2380        188           0.004773
183      15064       2192         10           0.003314
184      15054       2174        152           0.003194
185      14902       2022        131           0.006025
186      14771       1891         15           0.003100
187      14756       1873        140           0.004577
188      14616       1733        135           0.002474
189      14481       1598         11           0.009196
190      14470       1586        113           0.005856
191      14357       1473        107           0.002814
192      14250       1366          9           0.002683
193      14241       1355         96           0.005565
194      14145       1259         97           0.004008
195      14048       1162         81           0.006183
196      13967       1080         10           0.003269
197      13957       1066         90           0.003227
198      13867        976         84           0.003681
199      13783        892         76           0.008275
200      13707        816         66           0.006603
201      13641        750         10           0.004535
202      13631        734         56           0.005037
203      13575        678         46           0.006300
204      13529        632         42           0.003705
205      13487        589         42           0.002821
206      13445        547         38           0.003195
207      13407        508         45           0.003072
208      13362        461         30           0.003015
209      13332        430         29           0.006346
210      13303        401         33           0.003284
211      13270        368         31           0.002992
212      13239        337         20           0.003499
213      13219        317         18           0.006025
214      13201        299         15           0.005189
215      13186        284         16           0.002547
216      13170        268         17           0.003459
217      13153        251         18           0.003119
218      13135        233         13           0.008990
219      13122        220         13           0.012290
220      13109        207         12           0.005307
221      13097        195         11           0.010273
222      13086        184         11           0.005552
223      13075        173         11           0.006101
224      13064        162          8           0.002511
225      13056        154          8           0.002978
226      13048        146          8           0.002501
227      13040        138          7           0.002319
228      13033        131          7           0.002424
229      13026        123          8           0.002253
230      13018        115          4           0.002073
231      13014        111          5           0.002384
232      13009        106          6           0.002438
233      13003        100          4           0.002412
234      12999         96          5           0.002788
235      12994         91          3           0.002705
236      12991         88          2           0.002134
237      12989         86          3           0.007748
238      12986         83          3           0.002542
239      12983         80          2           0.003918
240      12981         78          3           0.002372
241      12978         75          4           0.003605
242      12974         71          3           0.003263
243      12971         68          3           0.002101
244      12968         65          3           0.002527
245      12965         62          2           0.002296
246      12963         60          3           0.002265
247      12960         57          2           0.004624
248      12958         55          3           0.003465
249      12955         52          2           0.002508
250      12953         50          3           0.002312
251      12950         47          2           0.002536
252      12948         45          2           0.003070
253      12946         43          2           0.003983
254      12944         41          2           0.002680
255      12942         39          4           0.004128
256      12938         35          3           0.006290
257      12935         32          3           0.004307
258      12932         29          2           0.008934
259      12930         27          1           0.004729
260      12929         26          1           0.002819
261      12928         25          2           0.002627
262      12926         23          2           0.001915
263      12924         21          1           0.003543
264      12923         20          1           0.005878
265      12922         19          1           0.008076
266      12921         18          1           0.003347
267      12920         17          1           0.005961
268      12919         16          1           0.006435
269      12918         15          1           0.004583
270      12917         14          2           0.002578
271      12915         12          1           0.002405
272      12914         11          1           0.003707
273      12913         10          1           0.004353
274      12912          9          1           0.004273
275      12911          8          2           0.002561
276      12909          6          1           0.005330
277      12908          5          1           0.005608
278      12907          4          1           0.006718
279      12906          3          2           0.005865
280      12904          1          1           0.002962
==========================================================

================individual timings =======================
     SpMV      Update-Match   Update-UMC    Total 
==========================================================
     0.00111      0.00318      0.00138      0.00568 
     0.00149      0.00274      0.00057      0.00480 
     0.00121      0.00256      0.00118      0.00495 
     0.00188      0.00308      0.00093      0.00589 
     0.01713      0.00578      0.00616      0.02907 
     0.00375      0.01753      0.00315      0.02443 
     0.00133      0.00706      0.00059      0.00898 
     0.00334      0.01268      0.00187      0.01789 
     0.00266      0.00896      0.00228      0.01390 
     0.03375      0.01327      0.00247      0.04949 
     0.00200      0.00621      0.00078      0.00898 
     0.00092      0.00469      0.00122      0.00683 
     0.00123      0.01361      0.00088      0.01572 
     0.00109      0.01234      0.00106      0.01449 
     0.01495      0.00640      0.00220      0.02355 
     0.00108      0.00356      0.00087      0.00551 
     0.00144      0.00417      0.00063      0.00624 
     0.00103      0.00363      0.00041      0.00507 
     0.00206      0.00686      0.00143      0.01034 
     0.01694      0.00617      0.00156      0.02467 
     0.00169      0.00209      0.00090      0.00468 
     0.00084      0.00237      0.00076      0.00397 
     0.00035      0.00160      0.00038      0.00233 
     0.00710      0.00549      0.00153      0.01412 
     0.00092      0.00299      0.00096      0.00487 
     0.00112      0.00246      0.00036      0.00393 
     0.00207      0.00223      0.00193      0.00624 
     0.00572      0.00549      0.00179      0.01300 
     0.00075      0.00296      0.00167      0.00539 
     0.00176      0.00363      0.00039      0.00579 
     0.00087      0.00195      0.00076      0.00358 
     0.00086      0.00340      0.00048      0.00474 
     0.00645      0.00308      0.00174      0.01127 
     0.00051      0.00340      0.00047      0.00439 
     0.00124      0.00203      0.00038      0.00364 
     0.00099      0.00543      0.00042      0.00685 
     0.00043      0.00192      0.00048      0.00283 
     0.00508      0.00599      0.00125      0.01232 
     0.00096      0.00408      0.00122      0.00626 
     0.00088      0.00315      0.00051      0.00455 
     0.00085      0.00283      0.00063      0.00431 
     0.00481      0.00581      0.00091      0.01153 
     0.00049      0.00264      0.00110      0.00424 
     0.00099      0.00243      0.00036      0.00378 
     0.00059      0.00238      0.00042      0.00340 
     0.00496      0.00533      0.00110      0.01138 
     0.00087      0.00179      0.00073      0.00340 
     0.00084      0.00166      0.00047      0.00297 
     0.00078      0.00317      0.00155      0.00549 
     0.00321      0.00223      0.00113      0.00657 
     0.00050      0.00291      0.00043      0.00383 
     0.00119      0.00176      0.00040      0.00335 
     0.00035      0.00161      0.00043      0.00238 
     0.00351      0.00518      0.00077      0.00946 
     0.00053      0.00349      0.00187      0.00589 
     0.00092      0.00428      0.00208      0.00728 
     0.00112      0.00165      0.00032      0.00308 
     0.00321      0.00247      0.00090      0.00657 
     0.00046      0.00556      0.00095      0.00697 
     0.00084      0.00227      0.00072      0.00384 
     0.00094      0.00121      0.00068      0.00283 
     0.00361      0.00426      0.00197      0.00985 
     0.00153      0.00342      0.00116      0.00611 
     0.00085      0.00177      0.00089      0.00351 
     0.00086      0.00419      0.00385      0.00891 
     0.00820      0.00485      0.00128      0.01432 
     0.00100      0.00467      0.00142      0.00709 
     0.00210      0.00436      0.00049      0.00696 
     0.00112      0.00696      0.00086      0.00894 
     0.00335      0.00614      0.00101      0.01050 
     0.00053      0.00239      0.00070      0.00362 
     0.00119      0.00160      0.00062      0.00341 
     0.00030      0.00221      0.00038      0.00289 
     0.00369      0.00304      0.00238      0.00911 
     0.00267      0.00228      0.00090      0.00585 
     0.00086      0.00199      0.00107      0.00392 
     0.00036      0.00217      0.00055      0.00308 
     0.00435      0.00432      0.00236      0.01103 
     0.00092      0.00209      0.00078      0.00379 
     0.00094      0.00172      0.00031      0.00297 
     0.00036      0.00184      0.00032      0.00252 
     0.00256      0.00289      0.00143      0.00688 
     0.00081      0.00233      0.00081      0.00396 
     0.00080      0.00215      0.00032      0.00327 
     0.00258      0.00266      0.00061      0.00585 
     0.00049      0.00208      0.00076      0.00332 
     0.00090      0.00212      0.00082      0.00384 
     0.00218      0.00238      0.00059      0.00514 
     0.00046      0.00244      0.00101      0.00392 
     0.00080      0.00286      0.00109      0.00475 
     0.00262      0.00613      0.00116      0.00991 
     0.00181      0.00314      0.00070      0.00565 
     0.00104      0.00213      0.00046      0.00363 
     0.00255      0.00263      0.00051      0.00569 
     0.00058      0.00318      0.00097      0.00472 
     0.00096      0.00286      0.00104      0.00486 
     0.00348      0.00368      0.00113      0.00829 
     0.00048      0.00284      0.00126      0.00457 
     0.00185      0.00418      0.00131      0.00733 
     0.00389      0.00469      0.00069      0.00927 
     0.00091      0.00270      0.00076      0.00437 
     0.00082      0.00186      0.00034      0.00302 
     0.00212      0.00612      0.00074      0.00899 
     0.00099      0.00237      0.00081      0.00417 
     0.00108      0.00270      0.00098      0.00476 
     0.00094      0.00246      0.00142      0.00481 
     0.00378      0.00408      0.00113      0.00899 
     0.00078      0.00380      0.00080      0.00539 
     0.00084      0.00346      0.00104      0.00535 
     0.00167      0.00248      0.00106      0.00520 
     0.00071      0.00263      0.00105      0.00439 
     0.00079      0.00214      0.00043      0.00336 
     0.00162      0.00218      0.00046      0.00426 
     0.00053      0.00517      0.00145      0.00714 
     0.00090      0.00168      0.00034      0.00291 
     0.00177      0.00338      0.00135      0.00651 
     0.00049      0.00304      0.00165      0.00518 
     0.00334      0.00296      0.00037      0.00667 
     0.00123      0.00307      0.00055      0.00485 
     0.00039      0.00247      0.00076      0.00362 
     0.00079      0.00374      0.00072      0.00525 
     0.00108      0.00306      0.00102      0.00517 
     0.00079      0.00194      0.00135      0.00408 
     0.00086      0.00201      0.00033      0.00320 
     0.00222      0.00308      0.00053      0.00583 
     0.00048      0.00163      0.00089      0.00299 
     0.00106      0.00149      0.00031      0.00285 
     0.00135      0.00346      0.00184      0.00665 
     0.00091      0.00291      0.00083      0.00464 
     0.00118      0.00418      0.00124      0.00660 
     0.00365      0.00683      0.00118      0.01166 
     0.00051      0.00249      0.00079      0.00379 
     0.00080      0.00120      0.00029      0.00229 
     0.00082      0.00247      0.00045      0.00374 
     0.00157      0.00200      0.00081      0.00439 
     0.00207      0.00341      0.00097      0.00644 
     0.00094      0.00470      0.00126      0.00689 
     0.00051      0.00212      0.00080      0.00343 
     0.00088      0.00581      0.00191      0.00860 
     0.00102      0.00304      0.00074      0.00481 
     0.00039      0.00226      0.00084      0.00349 
     0.00144      0.00225      0.00048      0.00417 
     0.00032      0.00586      0.00102      0.00720 
     0.00177      0.00280      0.00104      0.00561 
     0.00042      0.00286      0.00119      0.00447 
     0.00160      0.00485      0.00100      0.00744 
     0.00174      0.00324      0.00075      0.00573 
     0.00128      0.00254      0.00075      0.00456 
     0.00066      0.00295      0.00083      0.00443 
     0.00144      0.00573      0.00122      0.00838 
     0.00044      0.00347      0.00086      0.00477 
     0.00127      0.00347      0.00085      0.00559 
     0.00143      0.00317      0.00150      0.00609 
     0.00277      0.00343      0.00109      0.00729 
     0.00120      0.00403      0.00118      0.00642 
     0.00207      0.00453      0.00047      0.00708 
     0.00064      0.00511      0.00151      0.00726 
     0.00112      0.00346      0.00048      0.00505 
     0.00068      0.00371      0.00036      0.00475 
     0.00078      0.00452      0.00156      0.00685 
     0.00157      0.00290      0.00055      0.00502 
     0.00060      0.00230      0.00069      0.00359 
     0.00112      0.00232      0.00035      0.00379 
     0.00067      0.00244      0.00144      0.00456 
     0.00231      0.00436      0.00182      0.00849 
     0.00125      0.00298      0.00262      0.00686 
     0.00077      0.00290      0.00110      0.00477 
     0.00072      0.00401      0.00049      0.00522 
     0.00037      0.00468      0.00108      0.00613 
     0.00141      0.00197      0.00093      0.00430 
     0.00108      0.00365      0.00054      0.00526 
     0.00097      0.00275      0.00059      0.00431 
     0.00128      0.00435      0.00046      0.00609 
     0.00052      0.00193      0.00081      0.00326 
     0.00120      0.00253      0.00079      0.00453 
     0.00124      0.00214      0.00042      0.00380 
     0.00115      0.00429      0.00177      0.00721 
     0.00107      0.00196      0.00030      0.00334 
     0.00041      0.00120      0.00040      0.00201 
     0.00045      0.00211      0.00078      0.00333 
     0.00082      0.00126      0.00061      0.00270 
     0.00062      0.00371      0.00045      0.00477 
     0.00029      0.00257      0.00046      0.00331 
     0.00054      0.00230      0.00036      0.00319 
     0.00176      0.00392      0.00034      0.00603 
     0.00054      0.00212      0.00044      0.00310 
     0.00259      0.00152      0.00046      0.00458 
     0.00055      0.00149      0.00043      0.00247 
     0.00040      0.00212      0.00668      0.00920 
     0.00054      0.00493      0.00038      0.00586 
     0.00072      0.00177      0.00032      0.00281 
     0.00042      0.00183      0.00043      0.00268 
     0.00054      0.00242      0.00260      0.00557 
     0.00079      0.00221      0.00101      0.00401 
     0.00174      0.00382      0.00062      0.00618 
     0.00058      0.00210      0.00059      0.00327 
     0.00050      0.00215      0.00058      0.00323 
     0.00052      0.00278      0.00038      0.00368 
     0.00071      0.00699      0.00058      0.00828 
     0.00063      0.00548      0.00050      0.00660 
     0.00068      0.00323      0.00063      0.00453 
     0.00043      0.00407      0.00054      0.00504 
     0.00075      0.00431      0.00124      0.00630 
     0.00080      0.00256      0.00034      0.00371 
     0.00045      0.00207      0.00031      0.00282 
     0.00083      0.00173      0.00064      0.00320 
     0.00038      0.00238      0.00032      0.00307 
     0.00065      0.00183      0.00053      0.00302 
     0.00188      0.00411      0.00036      0.00635 
     0.00041      0.00236      0.00051      0.00328 
     0.00041      0.00225      0.00033      0.00299 
     0.00127      0.00183      0.00040      0.00350 
     0.00059      0.00469      0.00074      0.00603 
     0.00076      0.00299      0.00144      0.00519 
     0.00061      0.00165      0.00029      0.00255 
     0.00076      0.00165      0.00105      0.00346 
     0.00154      0.00119      0.00039      0.00312 
     0.00056      0.00567      0.00276      0.00899 
     0.00190      0.00954      0.00085      0.01229 
     0.00210      0.00268      0.00052      0.00531 
     0.00224      0.00695      0.00108      0.01027 
     0.00145      0.00371      0.00039      0.00555 
     0.00147      0.00406      0.00057      0.00610 
     0.00049      0.00171      0.00031      0.00251 
     0.00057      0.00198      0.00043      0.00298 
     0.00049      0.00175      0.00027      0.00250 
     0.00035      0.00164      0.00033      0.00232 
     0.00034      0.00147      0.00061      0.00242 
     0.00051      0.00140      0.00034      0.00225 
     0.00039      0.00133      0.00035      0.00207 
     0.00036      0.00177      0.00025      0.00238 
     0.00046      0.00165      0.00032      0.00244 
     0.00039      0.00167      0.00036      0.00241 
     0.00054      0.00196      0.00029      0.00279 
     0.00038      0.00184      0.00048      0.00270 
     0.00038      0.00151      0.00025      0.00213 
     0.00046      0.00701      0.00028      0.00775 
     0.00033      0.00150      0.00072      0.00254 
     0.00066      0.00233      0.00093      0.00392 
     0.00043      0.00166      0.00028      0.00237 
     0.00077      0.00192      0.00092      0.00361 
     0.00117      0.00180      0.00030      0.00326 
     0.00038      0.00143      0.00029      0.00210 
     0.00033      0.00182      0.00037      0.00253 
     0.00034      0.00167      0.00029      0.00230 
     0.00044      0.00157      0.00026      0.00226 
     0.00041      0.00368      0.00053      0.00462 
     0.00120      0.00185      0.00042      0.00347 
     0.00041      0.00167      0.00043      0.00251 
     0.00035      0.00168      0.00029      0.00231 
     0.00033      0.00194      0.00027      0.00254 
     0.00062      0.00214      0.00031      0.00307 
     0.00106      0.00252      0.00041      0.00398 
     0.00047      0.00170      0.00051      0.00268 
     0.00039      0.00327      0.00047      0.00413 
     0.00057      0.00490      0.00082      0.00629 
     0.00140      0.00230      0.00061      0.00431 
     0.00082      0.00721      0.00090      0.00893 
     0.00134      0.00305      0.00034      0.00473 
     0.00065      0.00183      0.00034      0.00282 
     0.00068      0.00157      0.00038      0.00263 
     0.00040      0.00123      0.00028      0.00192 
     0.00057      0.00229      0.00069      0.00354 
     0.00147      0.00391      0.00050      0.00588 
     0.00105      0.00590      0.00113      0.00808 
     0.00070      0.00153      0.00112      0.00335 
     0.00152      0.00383      0.00061      0.00596 
     0.00097      0.00418      0.00128      0.00643 
     0.00130      0.00270      0.00058      0.00458 
     0.00058      0.00173      0.00027      0.00258 
     0.00038      0.00169      0.00034      0.00241 
     0.00041      0.00198      0.00132      0.00371 
     0.00049      0.00249      0.00137      0.00435 
     0.00105      0.00279      0.00043      0.00427 
     0.00043      0.00185      0.00028      0.00256 
     0.00047      0.00270      0.00216      0.00533 
     0.00115      0.00293      0.00153      0.00561 
     0.00056      0.00561      0.00055      0.00672 
     0.00149      0.00366      0.00071      0.00587 
     0.00072      0.00194      0.00031      0.00296 
-------------------------------------------------------
     0.42145      0.92645      0.24672      1.59462 
matrix  nprocesses nthreads ncores algorithm Unmatched-Rows  Cardinality Total Time***
/scratch2/scratchdirs/azad/symmetric/coPapersDBLP.mtx 169 12 2028 Karp-Sipser-rand 12903    527583     1.594620
-------------------------------------------------------

=======================================================
@@@@@@ Number of processes: 169
=======================================================
It   |  UMRow   |  UMCol   |  newlyMatched   |  Time 
=======================================================
  1     540486     540486      81115           0.011862
  2     459371     459371      58116           0.009056
  3     401255     401255      44940           0.008355
  4     356315     356315      36122           0.008990
  5     320193     320193      30264           0.007234
  6     289929     289929      25783           0.011858
  7     264146     264146      22701           0.007682
  8     241445     241445      19762           0.007962
  9     221683     221683      17581           0.007943
 10     204102     204102      15623           0.007323
 11     188479     188479      14113           0.008003
 12     174366     174366      12654           0.012700
 13     161712     161712      11510           0.022904
 14     150202     150202      10625           0.012857
 15     139577     139577       9624           0.020440
 16     129953     129953       8920           0.011228
 17     121033     121033       8143           0.011038
 18     112890     112890       7338           0.011341
 19     105552     105552       6769           0.009721
 20      98783      98783       6184           0.008788
 21      92599      92599       5611           0.009405
 22      86988      86988       5366           0.006986
 23      81622      81622       4847           0.008508
 24      76775      76775       4331           0.005853
 25      72444      72444       4128           0.005325
 26      68316      68316       3666           0.006786
 27      64650      64650       3381           0.005512
 28      61269      61269       3100           0.005408
 29      58169      58169       2860           0.007727
 30      55309      55309       2599           0.004001
 31      52710      52710       2454           0.005078
 32      50256      50256       2225           0.008022
 33      48031      48031       1988           0.006421
 34      46043      46043       1842           0.009207
 35      44201      44201       1683           0.009441
 36      42518      42518       1501           0.007926
 37      41017      41017       1434           0.006843
 38      39583      39583       1293           0.006179
 39      38290      38290       1125           0.004899
 40      37165      37165       1111           0.005712
 41      36054      36054        972           0.007470
 42      35082      35082        894           0.005458
 43      34188      34188        776           0.003923
 44      33412      33412        737           0.005411
 45      32675      32675        674           0.005253
 46      32001      32001        567           0.003406
 47      31434      31434        525           0.005801
 48      30909      30909        474           0.004896
 49      30435      30435        424           0.006692
 50      30011      30011        395           0.003626
 51      29616      29616        312           0.004058
