**** Reading input matrix: /scratch2/scratchdirs/azad/symmetric/coPapersDBLP.mtx ******* 
Matrix is Boolean
Matrix is symmetric
Total number of nonzeros expected across all processors is 15245729
File is 200648163 bytes
Total number of entries read across all processors is 15245729
As a whole: 540486 rows and 540486 columns and 30491458 nonzeros
Reader took 1.77062 seconds
Performing random permuation of matrix.
Performed random permuation of matrix.
Threading activated with 12 threads, and matrix split into 12 parts
 #####################################################
 ################## Run 1 ############################
 #####################################################
=======================================================
@@@@@@ Number of processes: 81
=======================================================
It   |  UMRow   |  UMCol   |  newlyMatched   |  Time 
=======================================================
Creating a new MPI data type for 11VertexType1
  1     540486     540486     205684           0.041698
  2     334802     334375      88457           0.040687
  3     246345     245885      53238           0.026280
  4     193107     192609      38183           0.026181
  5     154924     154396      28736           0.020899
  6     126188     125626      22458           0.021300
  7     103730     103123      17665           0.010687
  8      86065      85408      14294           0.008939
  9      71771      71024      11732           0.007473
 10      60039      59191       9570           0.007684
 11      50469      49432       7722           0.007292
 12      42747      41251       6102           0.006678
 13      36645      34169       4800           0.006017
 14      31845      28242       3663           0.005343
 15      28182      23218       2705           0.005851
 16      25477      18276       1822           0.005509
 17      23655      13393       1059           0.004144
 18      22596       8995        512           0.003483
 19      22084       4162        228           0.003517
 20      21856       2246        107           0.003366
 21      21749       1831         71           0.003264
 22      21678       1182         47           0.002657
 23      21631        875         34           0.002278
 24      21597        635         28           0.002510
 25      21569        400         20           0.003182
 26      21549        380         18           0.003346
 27      21531        233         11           0.001788
 28      21520        222          9           0.002167
 29      21511        213         13           0.003607
 30      21498        200         13           0.004299
 31      21485        187         14           0.002811
 32      21471        173         10           0.004481
 33      21461        163          6           0.002588
 34      21455        157          5           0.003009
 35      21450        152          3           0.002008
 36      21447        149          4           0.002033
 37      21443        111          1           0.002111
==========================================================

================individual timings =======================
     SpMV      Update-Match   Update-UMC    Total 
==========================================================
     0.01386      0.02098      0.00687      0.04170 
     0.00788      0.02788      0.00492      0.04069 
     0.00932      0.01299      0.00397      0.02628 
     0.00979      0.01275      0.00364      0.02618 
     0.00720      0.01120      0.00250      0.02090 
     0.00626      0.01191      0.00312      0.02130 
     0.00616      0.00271      0.00182      0.01069 
     0.00548      0.00183      0.00163      0.00894 
     0.00418      0.00220      0.00110      0.00747 
     0.00409      0.00230      0.00129      0.00768 
     0.00440      0.00193      0.00096      0.00729 
     0.00325      0.00232      0.00110      0.00668 
     0.00272      0.00211      0.00119      0.00602 
     0.00278      0.00164      0.00092      0.00534 
     0.00387      0.00138      0.00061      0.00585 
     0.00232      0.00263      0.00056      0.00551 
     0.00187      0.00178      0.00049      0.00414 
     0.00126      0.00184      0.00038      0.00348 
     0.00123      0.00165      0.00063      0.00352 
     0.00085      0.00184      0.00068      0.00337 
     0.00092      0.00156      0.00078      0.00326 
     0.00076      0.00126      0.00063      0.00266 
     0.00087      0.00111      0.00029      0.00228 
     0.00088      0.00136      0.00027      0.00251 
     0.00078      0.00211      0.00029      0.00318 
     0.00117      0.00180      0.00037      0.00335 
     0.00069      0.00085      0.00025      0.00179 
     0.00084      0.00101      0.00032      0.00217 
     0.00089      0.00206      0.00066      0.00361 
     0.00160      0.00233      0.00037      0.00430 
     0.00076      0.00169      0.00036      0.00281 
     0.00070      0.00351      0.00027      0.00448 
     0.00071      0.00110      0.00078      0.00259 
     0.00080      0.00183      0.00038      0.00301 
     0.00068      0.00101      0.00032      0.00201 
     0.00093      0.00086      0.00024      0.00203 
     0.00072      0.00116      0.00023      0.00211 
-------------------------------------------------------
     0.11347      0.15247      0.04523      0.31117 
matrix  nprocesses nthreads ncores algorithm Unmatched-Rows  Cardinality Total Time***
/scratch2/scratchdirs/azad/symmetric/coPapersDBLP.mtx 81 12 972 DMD 21442    519044     0.311168
-------------------------------------------------------

=======================================================
@@@@@@ Number of processes: 81
=======================================================
It   |  UMRow   |  UMCol   |  newlyMatched   |  Time 
=======================================================
  1     540486     540486       8637           0.003553
  2     531849     531596        896           0.003077
  3     530953     530694         87           0.002842
  4     530866     530607         12           0.003359
  5     530854     530595      78824           0.015553
  6     452030     450971       4832           0.003686
  7     447198     445965       1486           0.007005
  8     445712     444454        163           0.004896
  9     445549     444287         28           0.003798
 10     445521     444258      53619           0.015073
 11     391902     390193       3481           0.004704
 12     388421     386431        983           0.003232
 13     387438     385330        102           0.003518
 14     387336     385214         21           0.003233
 15     387315     385190      41289           0.016412
 16     346026     343610       2607           0.004686
 17     343419     340695        707           0.004434
 18     342712     339858         89           0.002707
 19     342623     339750         15           0.003490
 20     342608     339733      33521           0.011875
 21     309087     305994       2129           0.004673
 22     306958     303501        473           0.003042
 23     306485     302903         63           0.002637
 24     306422     302826         13           0.002967
 25     306409     302809      27960           0.014054
 26     278449     274703       1822           0.004632
 27     276627     272500        428           0.003920
 28     276199     271959         53           0.003090
 29     276146     271892      23771           0.009855
 30     252375     247999       1540           0.003558
 31     250835     246120        323           0.002470
 32     250512     245670         49           0.002369
 33     250463     245605      20636           0.009535
 34     229827     224856       1330           0.003153
 35     228497     223151        270           0.003566
 36     228227     222785         39           0.004722
 37     228188     222734      18301           0.011355
 38     209887     204345       1201           0.003982
 39     208686     202788        226           0.002905
 40     208460     202468         28           0.002932
 41     208432     202431      15964           0.010091
 42     192468     186389       1005           0.003034
 43     191463     185043        186           0.003433
 44     191277     184785         27           0.003180
 45     191250     184751      14343           0.011748
 46     176907     170357       1026           0.003461
 47     175881     168964        167           0.003685
 48     175714     168719         30           0.002203
 49     175684     168679      13075           0.008779
 50     162609     155540        910           0.003016
 51     161699     154318        175           0.003088
 52     161524     154061         22           0.002782
 53     161502     154030      11678           0.007643
 54     149824     142312        800           0.002917
 55     149024     141202        133           0.002627
 56     148891     140995         22           0.002444
 57     148869     140965      10552           0.010740
 58     138317     130363        737           0.005669
 59     137580     129336        129           0.002944
 60     137451     129142         19           0.002898
 61     137432     129116       9714           0.007319
 62     127718     119366        702           0.002890
 63     127016     118371        102           0.003343
 64     126914     118222         18           0.002538
 65     126896     118196       8732           0.006249
 66     118164     109427        635           0.003467
 67     117529     108524         87           0.003631
 68     117442     108393         12           0.002634
 69     117430     108375       8016           0.006903
 70     109414     100329        585           0.005628
 71     108829      99491         90           0.004145
 72     108739      99345          8           0.002032
 73     108731      99335       7137           0.006588
 74     101594      92169        498           0.002746
 75     101096      91478         73           0.003076
 76     101023      91366       6712           0.007139
 77      94311      84629        487           0.002763
 78      93824      83911         76           0.002728
 79      93748      83781          8           0.002212
 80      93740      83769       6142           0.005240
 81      87598      77608        466           0.003334
 82      87132      76937         76           0.002933
 83      87056      76829       5572           0.008519
 84      81484      71227        428           0.003824
 85      81056      70589         66           0.003115
 86      80990      70492         12           0.001857
 87      80978      70470       5207           0.005008
 88      75771      65249        386           0.002739
 89      75385      64688         46           0.002542
 90      75339      64622       4729           0.005455
 91      70610      59870        361           0.002731
 92      70249      59300         47           0.003058
 93      70202      59236       4365           0.005533
 94      65837      54866        348           0.002929
 95      65489      54368         42           0.002939
 96      65447      54307          8           0.002493
 97      65439      54294       3995           0.007292
 98      61444      50287        305           0.003415
 99      61139      49848         42           0.003034
100      61097      49789       3627           0.005596
101      57470      46149        274           0.003483
102      57196      45749         27           0.003193
103      57169      45711       3363           0.005772
104      53806      42336        246           0.002895
105      53560      41959         33           0.002551
106      53527      41911       3075           0.006039
107      50452      38828        214           0.002940
108      50238      38499         28           0.002819
109      50210      38458       2719           0.005230
110      47491      35729        205           0.002587
111      47286      35431         18           0.002435
112      47268      35403       2639           0.007616
113      44629      32758        196           0.004030
114      44433      32453         27           0.003708
115      44406      32411       2375           0.006127
116      42031      30035        163           0.003316
117      41868      29794         20           0.003451
118      41848      29768       2241           0.005515
119      39607      27522        162           0.004366
120      39445      27308         13           0.002738
121      39432      27289       2003           0.004145
122      37429      25275        142           0.003608
123      37287      25073         22           0.002811
124      37265      25042       1898           0.004762
125      35367      23143        132           0.002967
126      35235      22953         19           0.005572
127      35216      22926       1730           0.005196
128      33486      21194        115           0.004360
129      33371      21019          8           0.003854
130      33363      21007       1628           0.004302
131      31735      19374        124           0.003160
132      31611      19177         10           0.002956
133      31601      19164       1450           0.004700
134      30151      17709        100           0.003077
135      30051      17568         14           0.002184
136      30037      17547       1336           0.004261
137      28701      16199        110           0.002898
138      28591      16021          9           0.001994
139      28582      16003       1261           0.004721
140      27321      14740         91           0.003289
141      27230      14603          7           0.002866
142      27223      14592       1121           0.005671
143      26102      13470         95           0.003222
144      26007      13342       1046           0.005472
145      24961      12293         86           0.002845
146      24875      12152          7           0.002478
147      24868      12138        963           0.003185
148      23905      11171         60           0.002583
149      23845      11082        910           0.003544
150      22935      10172         76           0.002701
151      22859      10064         13           0.002269
152      22846      10045        788           0.003122
153      22058       9257         56           0.002383
154      22002       9175          7           0.001987
155      21995       9165        778           0.003082
156      21217       8387         46           0.003412
157      21171       8327        649           0.003059
158      20522       7677         43           0.005972
159      20479       7617        625           0.003789
160      19854       6992         36           0.003358
161      19818       6946        584           0.003298
162      19234       6362         29           0.003240
163      19205       6325        509           0.003336
164      18696       5815         33           0.003057
165      18663       5765        446           0.002909
166      18217       5319         30           0.002491
167      18187       5285        426           0.002423
168      17761       4859         19           0.002237
169      17742       4834        410           0.003180
170      17332       4424         26           0.001845
171      17306       4393        340           0.003437
172      16966       4052         16           0.002964
173      16950       4033        335           0.003248
174      16615       3698         12           0.002435
175      16603       3683        288           0.003979
176      16315       3395         14           0.001972
177      16301       3374        285           0.004439
178      16016       3089         18           0.002544
179      15998       3067        236           0.003134
180      15762       2831         13           0.001804
181      15749       2816        226           0.002881
182      15523       2590          9           0.002113
183      15514       2579        210           0.003118
184      15304       2369        176           0.002277
185      15128       2192         14           0.002840
186      15114       2173        167           0.002585
187      14947       2006          9           0.002065
188      14938       1995        140           0.002938
189      14798       1855        139           0.003129
190      14659       1716        134           0.002961
191      14525       1582         14           0.002566
192      14511       1564        118           0.002742
193      14393       1446        121           0.002764
194      14272       1322         94           0.005295
195      14178       1228         10           0.002372
196      14168       1217         77           0.002787
197      14091       1140         76           0.003148
198      14015       1064         71           0.002752
199      13944        993         11           0.002025
200      13933        979         80           0.002762
201      13853        899         69           0.002937
202      13784        830         61           0.002264
203      13723        769         55           0.002468
204      13668        714          8           0.003280
205      13660        704         52           0.002386
206      13608        652         42           0.002679
207      13566        610         47           0.002078
208      13519        563         42           0.003023
209      13477        521          8           0.001959
210      13469        511         33           0.002544
211      13436        478         38           0.002545
212      13398        440         32           0.002434
213      13366        408         24           0.003119
214      13342        383         25           0.002577
215      13317        358         21           0.004413
216      13296        337         23           0.002773
217      13273        314         21           0.004049
218      13252        293         22           0.002300
219      13230        271         17           0.001825
220      13213        254         17           0.002060
221      13196        237         17           0.002228
222      13179        220         15           0.002427
223      13164        205         11           0.002090
224      13153        194          9           0.002171
225      13144        185         13           0.002426
226      13131        172         11           0.001948
227      13120        159          4           0.002315
228      13116        155          7           0.002411
229      13109        147          6           0.002104
230      13103        141          4           0.001896
231      13099        137          6           0.002019
232      13093        131          6           0.002059
233      13087        125          6           0.001908
234      13081        119          8           0.002387
235      13073        107          6           0.002083
236      13067        101          3           0.002388
237      13064         98          5           0.002144
238      13059         93          5           0.005019
239      13054         88          3           0.003327
240      13051         85          3           0.003832
241      13048         82          3           0.001742
242      13045         79          4           0.001912
243      13041         75          3           0.001718
244      13038         72          4           0.001750
245      13034         68          3           0.001849
246      13031         65          3           0.002508
247      13028         62          2           0.002088
248      13026         60          3           0.001857
249      13023         57          2           0.002250
250      13021         55          4           0.002082
251      13017         51          4           0.002152
252      13013         46          2           0.002353
253      13011         44          4           0.002164
254      13007         40          1           0.001888
255      13006         39          1           0.002405
256      13005         38          1           0.002537
257      13004         37          1           0.002177
258      13003         36          1           0.003327
259      13002         35          2           0.003877
260      13000         33          1           0.002469
261      12999         32          2           0.004479
262      12997         30          2           0.004302
263      12995         28          2           0.002876
264      12993         26          1           0.002695
265      12992         25          1           0.002595
266      12991         24          2           0.002649
267      12989         22          2           0.002841
268      12987         20          1           0.002564
269      12986         19          2           0.002043
270      12984         17          1           0.002042
271      12983         16          1           0.002433
272      12982         15          1           0.001872
273      12981         14          2           0.002309
274      12979         12          1           0.002127
275      12978         11          1           0.002295
276      12977         10          1           0.002709
277      12976          9          2           0.002559
278      12974          7          1           0.002349
279      12973          6          1           0.002323
280      12972          5          1           0.002118
281      12971          4          1           0.002105
282      12970          3          1           0.001909
283      12969          2          1           0.001730
284      12968          1          1           0.002831
==========================================================

================individual timings =======================
     SpMV      Update-Match   Update-UMC    Total 
==========================================================
     0.00099      0.00131      0.00125      0.00355 
     0.00108      0.00102      0.00097      0.00308 
     0.00074      0.00125      0.00085      0.00284 
     0.00073      0.00146      0.00117      0.00336 
     0.00786      0.00323      0.00446      0.01555 
     0.00085      0.00153      0.00130      0.00369 
     0.00334      0.00216      0.00150      0.00701 
     0.00073      0.00310      0.00106      0.00490 
     0.00076      0.00154      0.00150      0.00380 
     0.00850      0.00346      0.00311      0.01507 
     0.00118      0.00266      0.00086      0.00470 
     0.00082      0.00144      0.00098      0.00323 
     0.00085      0.00191      0.00076      0.00352 
     0.00079      0.00170      0.00074      0.00323 
     0.00812      0.00598      0.00232      0.01641 
     0.00096      0.00256      0.00116      0.00469 
     0.00109      0.00223      0.00112      0.00443 
     0.00082      0.00117      0.00072      0.00271 
     0.00079      0.00185      0.00085      0.00349 
     0.00691      0.00287      0.00209      0.01188 
     0.00131      0.00239      0.00098      0.00467 
     0.00094      0.00168      0.00042      0.00304 
     0.00084      0.00141      0.00038      0.00264 
     0.00072      0.00176      0.00049      0.00297 
     0.00777      0.00407      0.00221      0.01405 
     0.00103      0.00268      0.00093      0.00463 
     0.00097      0.00194      0.00101      0.00392 
     0.00108      0.00120      0.00081      0.00309 
     0.00580      0.00244      0.00161      0.00986 
     0.00087      0.00148      0.00121      0.00356 
     0.00089      0.00118      0.00039      0.00247 
     0.00084      0.00111      0.00042      0.00237 
     0.00576      0.00228      0.00150      0.00954 
     0.00101      0.00133      0.00081      0.00315 
     0.00086      0.00169      0.00101      0.00357 
     0.00229      0.00168      0.00076      0.00472 
     0.00738      0.00275      0.00122      0.01136 
     0.00092      0.00214      0.00092      0.00398 
     0.00086      0.00132      0.00072      0.00291 
     0.00088      0.00115      0.00091      0.00293 
     0.00582      0.00292      0.00135      0.01009 
     0.00097      0.00156      0.00050      0.00303 
     0.00089      0.00172      0.00082      0.00343 
     0.00075      0.00153      0.00090      0.00318 
     0.00525      0.00286      0.00364      0.01175 
     0.00098      0.00209      0.00039      0.00346 
     0.00156      0.00164      0.00048      0.00368 
     0.00071      0.00116      0.00033      0.00220 
     0.00525      0.00199      0.00154      0.00878 
     0.00076      0.00173      0.00053      0.00302 
     0.00079      0.00150      0.00080      0.00309 
     0.00078      0.00146      0.00055      0.00278 
     0.00410      0.00245      0.00109      0.00764 
     0.00098      0.00138      0.00055      0.00292 
     0.00082      0.00145      0.00035      0.00263 
     0.00090      0.00116      0.00038      0.00244 
     0.00500      0.00485      0.00089      0.01074 
     0.00131      0.00212      0.00224      0.00567 
     0.00097      0.00141      0.00057      0.00294 
     0.00082      0.00159      0.00048      0.00290 
     0.00393      0.00232      0.00107      0.00732 
     0.00076      0.00155      0.00058      0.00289 
     0.00088      0.00173      0.00074      0.00334 
     0.00084      0.00098      0.00072      0.00254 
     0.00349      0.00190      0.00086      0.00625 
     0.00094      0.00205      0.00047      0.00347 
     0.00104      0.00139      0.00120      0.00363 
     0.00091      0.00120      0.00052      0.00263 
     0.00318      0.00228      0.00144      0.00690 
     0.00273      0.00223      0.00068      0.00563 
     0.00100      0.00238      0.00076      0.00415 
     0.00071      0.00102      0.00031      0.00203 
     0.00288      0.00245      0.00125      0.00659 
     0.00102      0.00134      0.00038      0.00275 
     0.00098      0.00174      0.00036      0.00308 
     0.00425      0.00197      0.00093      0.00714 
     0.00088      0.00137      0.00051      0.00276 
     0.00081      0.00120      0.00072      0.00273 
     0.00080      0.00113      0.00028      0.00221 
     0.00278      0.00179      0.00067      0.00524 
     0.00102      0.00149      0.00083      0.00333 
     0.00078      0.00135      0.00080      0.00293 
     0.00567      0.00155      0.00129      0.00852 
     0.00076      0.00266      0.00041      0.00382 
     0.00089      0.00152      0.00070      0.00311 
     0.00090      0.00069      0.00027      0.00186 
     0.00251      0.00177      0.00073      0.00501 
     0.00092      0.00140      0.00042      0.00274 
     0.00075      0.00146      0.00033      0.00254 
     0.00283      0.00182      0.00080      0.00546 
     0.00111      0.00120      0.00042      0.00273 
     0.00100      0.00137      0.00069      0.00306 
     0.00301      0.00176      0.00076      0.00553 
     0.00037      0.00214      0.00041      0.00293 
     0.00111      0.00121      0.00061      0.00294 
     0.00039      0.00174      0.00036      0.00249 
     0.00208      0.00462      0.00059      0.00729 
     0.00082      0.00202      0.00058      0.00342 
     0.00104      0.00167      0.00033      0.00303 
     0.00246      0.00198      0.00115      0.00560 
     0.00086      0.00216      0.00047      0.00348 
     0.00101      0.00160      0.00058      0.00319 
     0.00288      0.00206      0.00083      0.00577 
     0.00077      0.00181      0.00031      0.00290 
     0.00094      0.00127      0.00034      0.00255 
     0.00265      0.00258      0.00081      0.00604 
     0.00076      0.00160      0.00058      0.00294 
     0.00092      0.00161      0.00029      0.00282 
     0.00251      0.00173      0.00098      0.00523 
     0.00075      0.00149      0.00035      0.00259 
     0.00094      0.00109      0.00040      0.00243 
     0.00223      0.00482      0.00057      0.00762 
     0.00079      0.00275      0.00049      0.00403 
     0.00140      0.00190      0.00041      0.00371 
     0.00232      0.00283      0.00097      0.00613 
     0.00077      0.00174      0.00080      0.00332 
     0.00085      0.00179      0.00081      0.00345 
     0.00188      0.00284      0.00079      0.00552 
     0.00116      0.00224      0.00097      0.00437 
     0.00081      0.00166      0.00027      0.00274 
     0.00188      0.00170      0.00057      0.00415 
     0.00103      0.00180      0.00077      0.00361 
     0.00078      0.00174      0.00029      0.00281 
     0.00151      0.00276      0.00049      0.00476 
     0.00086      0.00173      0.00037      0.00297 
     0.00082      0.00173      0.00302      0.00557 
     0.00197      0.00252      0.00070      0.00520 
     0.00161      0.00186      0.00089      0.00436 
     0.00092      0.00229      0.00065      0.00385 
     0.00190      0.00198      0.00042      0.00430 
     0.00100      0.00140      0.00076      0.00316 
     0.00073      0.00177      0.00046      0.00296 
     0.00158      0.00229      0.00083      0.00470 
     0.00083      0.00142      0.00083      0.00308 
     0.00068      0.00120      0.00031      0.00218 
     0.00161      0.00200      0.00064      0.00426 
     0.00078      0.00174      0.00037      0.00290 
     0.00078      0.00090      0.00032      0.00199 
     0.00153      0.00270      0.00050      0.00472 
     0.00082      0.00146      0.00101      0.00329 
     0.00099      0.00154      0.00033      0.00287 
     0.00194      0.00319      0.00054      0.00567 
     0.00122      0.00129      0.00071      0.00322 
     0.00325      0.00154      0.00068      0.00547 
     0.00078      0.00136      0.00071      0.00285 
     0.00075      0.00124      0.00049      0.00248 
     0.00124      0.00152      0.00043      0.00318 
     0.00080      0.00147      0.00031      0.00258 
     0.00115      0.00181      0.00059      0.00354 
     0.00094      0.00146      0.00030      0.00270 
     0.00076      0.00115      0.00036      0.00227 
     0.00122      0.00152      0.00038      0.00312 
     0.00073      0.00130      0.00036      0.00238 
     0.00074      0.00090      0.00035      0.00199 
     0.00122      0.00150      0.00037      0.00308 
     0.00087      0.00172      0.00083      0.00341 
     0.00126      0.00135      0.00045      0.00306 
     0.00097      0.00422      0.00078      0.00597 
     0.00168      0.00174      0.00037      0.00379 
     0.00127      0.00145      0.00064      0.00336 
     0.00120      0.00166      0.00043      0.00330 
     0.00074      0.00154      0.00096      0.00324 
     0.00127      0.00147      0.00060      0.00334 
     0.00072      0.00179      0.00055      0.00306 
     0.00107      0.00152      0.00032      0.00291 
     0.00071      0.00147      0.00031      0.00249 
     0.00110      0.00100      0.00032      0.00242 
     0.00033      0.00165      0.00025      0.00224 
     0.00099      0.00176      0.00044      0.00318 
     0.00076      0.00082      0.00027      0.00184 
     0.00092      0.00208      0.00043      0.00344 
     0.00083      0.00142      0.00072      0.00296 
     0.00102      0.00180      0.00043      0.00325 
     0.00030      0.00182      0.00031      0.00244 
     0.00101      0.00184      0.00113      0.00398 
     0.00081      0.00089      0.00027      0.00197 
     0.00148      0.00200      0.00096      0.00444 
     0.00062      0.00152      0.00040      0.00254 
     0.00094      0.00175      0.00044      0.00313 
     0.00078      0.00077      0.00025      0.00180 
     0.00096      0.00145      0.00047      0.00288 
     0.00063      0.00118      0.00030      0.00211 
     0.00115      0.00145      0.00051      0.00312 
     0.00100      0.00096      0.00032      0.00228 
     0.00074      0.00177      0.00033      0.00284 
     0.00102      0.00112      0.00044      0.00258 
     0.00067      0.00102      0.00037      0.00206 
     0.00098      0.00145      0.00051      0.00294 
     0.00107      0.00141      0.00064      0.00313 
     0.00141      0.00115      0.00040      0.00296 
     0.00081      0.00150      0.00026      0.00257 
     0.00097      0.00124      0.00053      0.00274 
     0.00094      0.00151      0.00032      0.00276 
     0.00118      0.00329      0.00082      0.00530 
     0.00089      0.00108      0.00040      0.00237 
     0.00131      0.00095      0.00053      0.00279 
     0.00128      0.00139      0.00048      0.00315 
     0.00104      0.00134      0.00038      0.00275 
     0.00090      0.00085      0.00027      0.00202 
     0.00094      0.00125      0.00058      0.00276 
     0.00121      0.00141      0.00032      0.00294 
     0.00092      0.00098      0.00037      0.00226 
     0.00082      0.00119      0.00045      0.00247 
     0.00079      0.00191      0.00058      0.00328 
     0.00083      0.00119      0.00037      0.00239 
     0.00077      0.00151      0.00040      0.00268 
     0.00084      0.00095      0.00029      0.00208 
     0.00114      0.00143      0.00045      0.00302 
     0.00072      0.00100      0.00024      0.00196 
     0.00088      0.00110      0.00057      0.00254 
     0.00100      0.00116      0.00039      0.00254 
     0.00088      0.00128      0.00028      0.00243 
     0.00093      0.00121      0.00098      0.00312 
     0.00084      0.00127      0.00046      0.00258 
     0.00243      0.00169      0.00029      0.00441 
     0.00080      0.00166      0.00032      0.00277 
     0.00106      0.00273      0.00025      0.00405 
     0.00084      0.00113      0.00033      0.00230 
     0.00086      0.00070      0.00026      0.00182 
     0.00087      0.00092      0.00027      0.00206 
     0.00079      0.00103      0.00041      0.00223 
     0.00072      0.00140      0.00031      0.00243 
     0.00079      0.00105      0.00026      0.00209 
     0.00090      0.00098      0.00030      0.00217 
     0.00092      0.00111      0.00039      0.00243 
     0.00060      0.00109      0.00026      0.00195 
     0.00097      0.00108      0.00027      0.00232 
     0.00095      0.00079      0.00067      0.00241 
     0.00086      0.00093      0.00031      0.00210 
     0.00071      0.00085      0.00033      0.00190 
     0.00047      0.00131      0.00024      0.00202 
     0.00063      0.00113      0.00030      0.00206 
     0.00087      0.00079      0.00025      0.00191 
     0.00067      0.00132      0.00039      0.00239 
     0.00064      0.00093      0.00052      0.00208 
     0.00105      0.00098      0.00036      0.00239 
     0.00052      0.00125      0.00037      0.00214 
     0.00093      0.00372      0.00037      0.00502 
     0.00080      0.00193      0.00060      0.00333 
     0.00072      0.00222      0.00089      0.00383 
     0.00075      0.00067      0.00032      0.00174 
     0.00082      0.00085      0.00024      0.00191 
     0.00076      0.00072      0.00023      0.00172 
     0.00076      0.00076      0.00024      0.00175 
     0.00082      0.00075      0.00028      0.00185 
     0.00079      0.00119      0.00053      0.00251 
     0.00089      0.00092      0.00028      0.00209 
     0.00077      0.00079      0.00030      0.00186 
     0.00110      0.00083      0.00031      0.00225 
     0.00037      0.00146      0.00025      0.00208 
     0.00092      0.00089      0.00034      0.00215 
     0.00059      0.00142      0.00034      0.00235 
     0.00065      0.00088      0.00063      0.00216 
     0.00078      0.00081      0.00030      0.00189 
     0.00097      0.00117      0.00027      0.00240 
     0.00084      0.00113      0.00057      0.00254 
     0.00073      0.00113      0.00032      0.00218 
     0.00106      0.00163      0.00064      0.00333 
     0.00109      0.00247      0.00032      0.00388 
     0.00101      0.00097      0.00049      0.00247 
     0.00237      0.00170      0.00040      0.00448 
     0.00154      0.00242      0.00033      0.00430 
     0.00101      0.00102      0.00085      0.00288 
     0.00084      0.00153      0.00033      0.00269 
     0.00118      0.00105      0.00036      0.00260 
     0.00092      0.00148      0.00025      0.00265 
     0.00100      0.00146      0.00038      0.00284 
     0.00116      0.00118      0.00023      0.00256 
     0.00092      0.00086      0.00026      0.00204 
     0.00034      0.00141      0.00028      0.00204 
     0.00073      0.00146      0.00024      0.00243 
     0.00072      0.00089      0.00027      0.00187 
     0.00113      0.00082      0.00036      0.00231 
     0.00079      0.00109      0.00025      0.00213 
     0.00086      0.00104      0.00039      0.00230 
     0.00096      0.00128      0.00047      0.00271 
     0.00094      0.00102      0.00059      0.00256 
     0.00041      0.00166      0.00027      0.00235 
     0.00038      0.00146      0.00048      0.00232 
     0.00083      0.00091      0.00037      0.00212 
     0.00071      0.00114      0.00026      0.00210 
     0.00076      0.00093      0.00023      0.00191 
     0.00069      0.00079      0.00024      0.00173 
     0.00075      0.00149      0.00059      0.00283 
-------------------------------------------------------
     0.38111      0.46372      0.17919      1.02402 
matrix  nprocesses nthreads ncores algorithm Unmatched-Rows  Cardinality Total Time***
/scratch2/scratchdirs/azad/symmetric/coPapersDBLP.mtx 81 12 972 Karp-Sipser-rand 12967    527519     1.024025
-------------------------------------------------------

=======================================================
@@@@@@ Number of processes: 81
=======================================================
It   |  UMRow   |  UMCol   |  newlyMatched   |  Time 
=======================================================
  1     540486     540486      81145           0.013867
  2     459341     459341      58179           0.009688
  3     401162     401162      44871           0.009877
  4     356291     356291      36418           0.009891
  5     319873     319873      30189           0.008433
  6     289684     289684      25804           0.012383
  7     263880     263880      22708           0.008070
  8     241172     241172      19810           0.006677
  9     221362     221362      17643           0.005933
 10     203719     203719      15651           0.006625
 11     188068     188068      14102           0.005793
 12     173966     173966      12643           0.006673
 13     161323     161323      11418           0.005583
 14     149905     149905      10505           0.009291
 15     139400     139400       9579           0.007498
 16     129821     129821       8780           0.005034
 17     121041     121041       8087           0.005420
 18     112954     112954       7317           0.005393
 19     105637     105637       6771           0.005603
 20      98866      98866       6178           0.008551
 21      92688      92688       5682           0.007252
 22      87006      87006       5184           0.004854
 23      81822      81822       4774           0.006780
 24      77048      77048       4335           0.005284
 25      72713      72713       4092           0.004326
 26      68621      68621       3725           0.004619
 27      64896      64896       3371           0.004211
 28      61525      61525       3099           0.004147
 29      58426      58426       2868           0.004041
 30      55558      55558       2545           0.005123
 31      53013      53013       2362           0.004498
 32      50651      50651       2120           0.004017
 33      48531      48531       2054           0.003731
 34      46477      46477       1869           0.003626
 35      44608      44608       1688           0.006807
 36      42920      42920       1544           0.004327
 37      41376      41376       1360           0.003225
 38      40016      40016       1279           0.003470
 39      38737      38737       1157           0.003798
 40      37580      37580       1114           0.004285
 41      36466      36466       1039           0.003343
