bupc-narrow/2.24.0(3):ERROR:150: Module 'bupc-narrow/2.24.0' conflicts with the currently loaded module(s) 'bupc-narrow/2.22.3'
bupc-narrow/2.24.0(3):ERROR:102: Tcl command execution failed: source ${bupc_moddir}/auto

bupc-narrow/2.24.0(3):ERROR:150: Module 'bupc-narrow/2.24.0' conflicts with the currently loaded module(s) 'bupc-narrow/2.22.3'
bupc-narrow/2.24.0(3):ERROR:102: Tcl command execution failed: source ${bupc_moddir}/auto

Process Grid (p x p x t): 52 x 52 x 2
filename: Renamed_alignments_isolates_only_30_correct_copy.txtInflation: 2.000000
Cutoff:0.000100
Selection Number:500
Recovery Number:600
Recovery Percentage:0.900000
Base of MM (1 or 0):0
Randomly permute the matrix? (1 or 0):0
Number of SpGEMM phases:20
Running HipMCL with... 
Inflation: 2
Prunelimit: 0.0001
Recover number: 600
Recover percent: 0.9
Selection number: 500 in 20 phases 
COMBBLAS Warning: It is dangerous to create (matrix) objects without specifying the communicator, are you sure you want to create this object in MPI_COMM_WORLD?
Matrix is Float
Matrix is symmetric
Total number of nonzeros expected across all processors is 7325674843
File is 178633004090 bytes
Reading finished. Total number of entries read across all processors is 7325674843
Packing to recepients finished, about to send...
5433144 5413268 5420200 5436905 5401966 5423767 5413656 5416336 5415217 5415514 5426570 5402510 5417013 5407220 5415648 5426042 5399441 5420777 5433867 5420572 5424243 5410738 5412253 5431011 5420801 5430270 5424290 5421339 5432412 5411827 5423280 5438319 5427702 5425802 5430275 5436396 5420330 5434076 5442160 5419985 5437395 5424559 5429439 5433164 5441248 5447464 5441055 5446785 5448543 5427162 5450918 5448432 5413268 5391748 5399027 5415844 5383806 5410626 5395476 5394340 5397399 5395756 5413538 5395408 5399868 5392914 5400507 5411214 5377377 5402397 5408840 5401812 5407997 5394108 5389419 5417291 5394879 5406565 5409010 5404105 5408169 5392470 5402655 5415712 5409361 5408145 5418554 5415900 5402234 5415504 5416746 5409260 5417942 5406954 5406387 5412507 5419904 5425357 5426318 5425948 5429040 5407885 5432761 5427161 5420200 5399027 5398674 5423845 5390182 5415134 5396376 5403009 5398393 5399894 5414065 5390379 5401046 5390460 5404331 5412085 5381472 5408936 5416453 5405284 5415543 5400036 5401026 5416960 5404313 5412690 5410748 5400976 5413432 5403515 5409632 5415959 5412729 5405974 5410967 5419176 5405679 5418415 5426058 5406181 5418414 5409061 5416831 5424003 5423021 5437859 5421101 5432927 5436994 5416982 5430695 5434264 5436905 5415844 5423845 5436294 5407518 5426495 5411199 5416824 5416042 5413332 5432280 5410283 5417267 5413531 5417703 5427737 5396275 5416502 5434072 5427051 5435973 5416020 5416280 5432548 5421790 5426564 5425369 5418490 5438245 5417036 5430813 5437678 5434035 5425895 5435708 5436556 5425124 5434738 5439686 5425904 5440104 5427886 5428660 5440678 5437980 5446784 5447077 5448091 5452460 5430479 5447233 5451617 5401966 5383806 5390182 5407518 5375844 5392185 5381807 5386209 5386323 5388745 5397590 5377624 5382756 5383945 5385645 5402136 5368523 5390855 5398751 5384692 5397575 5386580 5380508 5403241 5391220 5391306 5393334 5392489 5399569 5388323 5394443 5406359 5397714 5398226 5398604 5401114 5389151 5399186 5406243 5394925 5407132 5400206 5398736 5404678 5413647 5419325 5411340 5416373 5422216 5402060 5420163 5417969 5423767 5410626 5415134 5426495 5392185 5420106 5406513 5407503 5403028 5407400 5419304 5402286 5411617 5406419 5411636 5424892 5384807 5412020 5425210 5412249 5423904 5403603 5402142 5425981 5408578 5420945 5414134 5412614 5421303 5403312 5415823 5422193 5420710 5415523 5424032 5429670 5418668 5420946 5426729 5415871 5422594 5412262 5425095 5430077 5431479 5440457 5434985 5444979 5440023 5421547 5445338 5438593 5413656 5395476 5396376 5411199 5381807 5406513 5391646 5397467 5389778 5394578 5413249 5385215 5399286 5393666 5394312 5415476 5375125 5398646 5409905 5408122 5407292 5390083 5388938 5411755 5404768 5399918 5403467 5404728 5408483 5390094 5408125 5410120 5412776 5406162 5417488 5413960 5405041 5406447 5417608 5401234 5418235 5406841 5411643 5414069 5416991 5423707 5422099 5428252 5435157 5409962 5434366 5429554 5416336 5394340 5403009 5416824 5386209 5407503 5397467 5398746 5394051 5394222 5410733 5388766 5399741 5394477 5404577 5410184 5376402 5399445 5412437 5402152 5413136 5393524 5394752 5423956 5406900 5404352 5408742 5401702 5413974 5400429 5412425 5410700 5411791 5405233 5411145 5420287 5408875 5414146 5416800 5409173 5415556 5411366 5418243 5417598 5424585 5424727 5420945 5433595 5432464 5411730 5429403 5431331 5415217 5397399 5398393 5416042 5386323 5403028 5389778 5394051 5395102 5391923 5407978 5384578 5392648 5383267 5399051 5408721 5374690 5397247 5411246 5401566 5402600 5387486 5388267 5412368 5400931 5399912 5401723 5394413 5409045 5393320 5401359 5407892 5412012 5402053 5403541 5416121 5404067 5411811 5409004 5405450 5413039 5406428 5411176 5412036 5412755 5427055 5416393 5427876 5426450 5408468 5429644 5427148 5415514 5395756 5399894 5413332 5388745 5407400 5394578 5394222 5391923 5391540 5405218 5389050 5393064 5393418 5400960 5412921 5377860 5398798 5410981 5400476 5406331 5392740 5391114 5415422 5403217 5409348 5409228 5401308 5410448 5393824 5408220 5409823 5407557 5405055 5414294 5419165 5396607 5406377 5420382 5406853 5413362 5406922 5411678 5415429 5415162 5425988 5420755 5426076 5430912 5409987 5428625 5433307 5426570 5413538 5414065 5432280 5397590 5419304 5413249 5410733 5407978 5405218 5422882 5403179 5411052 5411158 5417586 5420314 5390518 5411728 5426151 5417084 5422735 5408188 5408076 5429416 5418118 5416779 5420614 5411375 5426380 5407034 5417506 5427455 5422127 5416691 5422061 5432730 5421042 5425872 5432760 5423055 5429385 5421126 5428420 5423544 5432002 5444259 5437789 5446709 5450338 5423218 5442661 5446824 5402510 5395408 5390379 5410283 5377624 5402286 5385215 5388766 5384578 5389050 5403179 5382058 5389548 5383426 5394711 5409105 5369300 5388828 5403214 5400678 5400963 5386586 5386678 5405992 5397425 5398940 5398398 5396337 5408067 5392981 5401618 5409686 5406784 5399047 5406287 5409596 5399076 5406234 5411466 5399890 5413334 5401172 5409045 5410113 5414077 5421701 5415998 5426137 5426805 5405823 5423993 5421212 5417013 5399868 5401046 5417267 5382756 5411617 5399286 5399741 5392648 5393064 5411052 5389548 5393150 5389152 5400482 5412138 5380484 5397397 5413960 5401916 5412612 5389596 5393628 5411654 5404127 5409284 5402810 5404218 5413747 5397158 5403272 5406898 5415470 5406372 5411117 5415005 5406160 5413036 5412816 5399837 5417583 5412177 5412939 5416277 5419782 5430316 5425948 5429721 5432326 5408878 5426573 5435029 5407220 5392914 5390460 5413531 5383945 5406419 5393666 5394477 5383267 5393418 5411158 5383426 5389152 5389892 5391158 5401416 5368902 5391413 5406916 5397601 5408591 5393948 5390077 5410303 5398637 5397376 5399609 5395340 5406905 5389255 5398957 5409438 5404198 5401605 5404280 5408549 5402700 5406707 5412959 5400793 5414631 5405689 5406184 5404492 5414363 5423770 5420302 5426674 5425372 5406970 5423929 5426581 5415648 5400507 5404331 5417703 5385645 5411636 5394312 5404577 5399051 5400960 5417586 5394711 5400482 5391158 5400948 5409618 5382806 5398210 5413417 5404009 5416589 5394546 5393115 5418972 5400555 5413022 5410619 5404586 5410985 5390452 5405089 5408129 5411982 5403276 5418316 5417815 5402740 5414888 5422659 5408844 5416925 5412376 5411727 5416944 5421213 5432195 5424000 5436585 5429586 5411303 5431998 5433468 5426042 5411214 5412085 5427737 5402136 5424892 5415476 5410184 5408721 5412921 5420314 5409105 5412138 5401416 5409618 5423680 5389489 5417984 5425523 5424298 5425115 5410807 5409708 5424257 5418904 5417632 5418327 5413175 5429905 5406223 5416045 5425665 5420317 5424391 5426941 5431852 5420455 5427963 5433522 5415258 5431317 5427430 5425018 5425523 5434541 5440708 5440168 5446941 5442357 5424986 5441898 5443446 5399441 5377377 5381472 5396275 5368523 5384807 5375125 5376402 5374690 5377860 5390518 5369300 5380484 5368902 5382806 5389489 5353802 5381502 5394313 5388860 5391175 5369442 5372007 5392242 5384726 5390153 5388278 5380006 5384646 5376668 5390411 5388430 5393639 5382526 5391321 5397852 5383604 5397964 5399730 5385655 5399843 5387453 5391924 5397969 5400057 5412278 5396364 5413599 5413814 5382990 5412199 5411931 5420777 5402397 5408936 5416502 5390855 5412020 5398646 5399445 5397247 5398798 5411728 5388828 5397397 5391413 5398210 5417984 5381502 5396746 5414910 5402068 5410187 5397781 5394856 5421993 5403327 5407151 5412952 5405611 5413015 5397643 5411563 5414861 5412198 5403400 5417100 5414980 5413109 5417399 5424847 5403437 5421009 5409968 5411909 5418312 5421760 5435424 5423043 5434273 5436032 5413133 5432744 5435374 5433867 5408840 5416453 5434072 5398751 5425210 5409905 5412437 5411246 5410981 5426151 5403214 5413960 5406916 5413417 5425523 5394313 5414910 5432264 5417063 5430582 5410518 5411018 5424519 5415710 5422716 5422010 5419500 5423631 5411247 5422103 5428667 5432021 5417252 5430539 5428049 5425071 5422871 5437967 5417309 5439326 5423125 5427838 5430162 5439601 5448527 5436324 5444345 5448901 5427579 5440667 5443419 5420572 5401812 5405284 5427051 5384692 5412249 5408122 5402152 5401566 5400476 5417084 5400678 5401916 5397601 5404009 5424298 5388860 5402068 5417063 5416388 5418468 5401205 5405011 5425278 5409277 5413227 5412350 5409190 5414577 5408123 5411279 5427406 5417378 5414890 5426240 5425451 5417801 5416992 5429786 5407554 5424461 5418070 5422037 5419948 5429580 5437086 5427782 5443729 5436013 5418884 5438639 5441271 5424243 5407997 5415543 5435973 5397575 5423904 5407292 5413136 5402600 5406331 5422735 5400963 5412612 5408591 5416589 5425115 5391175 5410187 5430582 5418468 5431662 5404712 5404798 5431628 5418740 5423033 5422437 5416369 5427616 5407160 5421230 5428458 5428521 5420346 5426096 5431307 5421368 5428190 5437375 5419367 5432098 5422974 5423977 5431293 5436096 5442123 5434607 5443104 5444257 5425147 5446902 5442021 5410738 5394108 5400036 5416020 5386580 5403603 5390083 5393524 5387486 5392740 5408188 5386586 5389596 5393948 5394546 5410807 5369442 5397781 5410518 5401205 5404712 5381766 5391047 5414836 5397269 5399167 5399757 5399557 5405366 5394319 5403277 5405712 5410174 5403766 5406932 5416645 5399021 5408226 5419008 5398067 5416743 5407097 5407987 5408050 5416402 5428460 5424871 5425897 5428731 5402166 5425369 5425175 5412253 5389419 5401026 5416280 5380508 5402142 5388938 5394752 5388267 5391114 5408076 5386678 5393628 5390077 5393115 5409708 5372007 5394856 5411018 5405011 5404798 5391047 5392916 5409952 5395204 5401360 5397553 5395275 5401676 5393930 5399713 5404218 5409406 5403902 5409368 5407018 5405569 5406411 5413470 5403389 5413463 5400497 5414464 5407028 5414480 5420961 5421525 5425521 5426232 5408308 5422281 5424795 5431011 5417291 5416960 5432548 5403241 5425981 5411755 5423956 5412368 5415422 5429416 5405992 5411654 5410303 5418972 5424257 5392242 5421993 5424519 5425278 5431628 5414836 5409952 5433724 5416161 5414988 5423092 5413865 5429669 5408822 5423027 5425141 5429233 5423549 5437725 5439120 5421647 5432170 5435139 5422046 5435337 5430097 5423392 5429247 5439766 5443324 5439110 5449361 5443947 5422185 5448193 5455629 5420801 5394879 5404313 5421790 5391220 5408578 5404768 5406900 5400931 5403217 5418118 5397425 5404127 5398637 5400555 5418904 5384726 5403327 5415710 5409277 5418740 5397269 5395204 5416161 5404608 5405295 5412549 5407576 5415937 5403210 5413608 5415880 5416386 5409826 5422421 5416508 5408088 5417979 5425002 5405374 5421584 5406784 5421726 5418872 5429245 5435181 5430350 5440557 5434786 5414533 5435344 5438907 5430270 5406565 5412690 5426564 5391306 5420945 5399918 5404352 5399912 5409348 5416779 5398940 5409284 5397376 5413022 5417632 5390153 5407151 5422716 5413227 5423033 5399167 5401360 5414988 5405295 5415322 5413120 5410870 5421490 5410235 5413888 5418404 5425295 5418116 5418061 5422876 5409819 5420972 5428344 5415342 5424272 5421214 5417157 5425401 5429261 5433272 5433392 5435084 5438657 5418158 5436852 5439480 5424290 5409010 5410748 5425369 5393334 5414134 5403467 5408742 5401723 5409228 5420614 5398398 5402810 5399609 5410619 5418327 5388278 5412952 5422010 5412350 5422437 5399757 5397553 5423092 5412549 5413120 5417424 5405355 5414822 5404344 5418814 5421262 5420318 5414474 5420851 5430025 5411686 5418068 5433487 5412788 5429746 5421142 5419258 5419106 5432806 5438557 5434202 5438558 5434141 5418680 5435328 5436618 5421339 5404105 5400976 5418490 5392489 5412614 5404728 5401702 5394413 5401308 5411375 5396337 5404218 5395340 5404586 5413175 5380006 5405611 5419500 5409190 5416369 5399557 5395275 5413865 5407576 5410870 5405355 5415490 5418421 5401338 5414972 5421101 5414198 5407291 5418313 5425115 5408204 5421684 5420147 5405911 5420230 5410253 5414198 5421385 5426549 5435429 5429041 5432752 5435658 5417283 5430205 5434773 5432412 5408169 5413432 5438245 5399569 5421303 5408483 5413974 5409045 5410448 5426380 5408067 5413747 5406905 5410985 5429905 5384646 5413015 5423631 5414577 5427616 5405366 5401676 5429669 5415937 5421490 5414822 5418421 5433204 5406714 5422909 5425798 5420826 5421554 5427894 5428631 5421380 5425739 5434097 5420831 5429241 5423974 5423031 5427679 5434134 5438351 5433706 5443766 5447353 5420300 5445188 5443450 5411827 5392470 5403515 5417036 5388323 5403312 5390094 5400429 5393320 5393824 5407034 5392981 5397158 5389255 5390452 5406223 5376668 5397643 5411247 5408123 5407160 5394319 5393930 5408822 5403210 5410235 5404344 5401338 5406714 5392862 5408757 5405763 5414437 5403074 5409681 5420147 5403911 5410935 5418228 5407995 5417004 5406259 5411093 5417392 5417859 5423963 5424451 5430428 5428486 5410126 5425430 5433227 5423280 5402655 5409632 5430813 5394443 5415823 5408125 5412425 5401359 5408220 5417506 5401618 5403272 5398957 5405089 5416045 5390411 5411563 5422103 5411279 5421230 5403277 5399713 5423027 5413608 5413888 5418814 5414972 5422909 5408757 5418286 5425423 5425961 5412110 5424928 5427621 5417320 5422172 5431475 5412539 5424406 5423802 5420775 5422571 5434492 5436634 5429667 5442511 5444134 5422622 5442435 5438539 5438319 5415712 5415959 5437678 5406359 5422193 5410120 5410700 5407892 5409823 5427455 5409686 5406898 5409438 5408129 5425665 5388430 5414861 5428667 5427406 5428458 5405712 5404218 5425141 5415880 5418404 5421262 5421101 5425798 5405763 5425423 5425126 5423006 5423280 5432170 5431959 5419244 5428070 5432531 5421423 5426826 5422950 5430148 5428002 5432722 5446618 5443540 5439774 5447853 5422867 5443349 5444907 5427702 5409361 5412729 5434035 5397714 5420710 5412776 5411791 5412012 5407557 5422127 5406784 5415470 5404198 5411982 5420317 5393639 5412198 5432021 5417378 5428521 5410174 5409406 5429233 5416386 5425295 5420318 5414198 5420826 5414437 5425961 5423006 5423776 5421155 5426230 5432902 5423215 5430684 5431531 5420619 5433144 5423934 5430543 5433622 5434141 5438964 5441872 5440149 5444145 5429408 5443596 5442301 5425802 5408145 5405974 5425895 5398226 5415523 5406162 5405233 5402053 5405055 5416691 5399047 5406372 5401605 5403276 5424391 5382526 5403400 5417252 5414890 5420346 5403766 5403902 5423549 5409826 5418116 5414474 5407291 5421554 5403074 5412110 5423280 5421155 5417402 5424142 5429062 5410920 5414435 5437360 5406183 5424714 5419863 5414825 5414295 5433306 5436666 5431266 5436284 5442148 5419957 5437906 5436903 5430275 5418554 5410967 5435708 5398604 5424032 5417488 5411145 5403541 5414294 5422061 5406287 5411117 5404280 5418316 5426941 5391321 5417100 5430539 5426240 5426096 5406932 5409368 5437725 5422421 5418061 5420851 5418313 5427894 5409681 5424928 5432170 5426230 5424142 5430420 5432494 5425151 5430409 5434954 5424480 5433815 5431051 5428818 5438907 5437058 5448824 5433673 5446344 5445584 5424343 5446446 5446257 5436396 5415900 5419176 5436556 5401114 5429670 5413960 5420287 5416121 5419165 5432730 5409596 5415005 5408549 5417815 5431852 5397852 5414980 5428049 5425451 5431307 5416645 5407018 5439120 5416508 5422876 5430025 5425115 5428631 5420147 5427621 5431959 5432902 5429062 5432494 5438552 5422235 5429883 5440806 5427351 5442483 5432200 5436055 5432512 5441747 5453710 5438827 5453685 5456931 5432414 5445471 5450906 5420330 5402234 5405679 5425124 5389151 5418668 5405041 5408875 5404067 5396607 5421042 5399076 5406160 5402700 5402740 5420455 5383604 5413109 5425071 5417801 5421368 5399021 5405569 5421647 5408088 5409819 5411686 5408204 5421380 5403911 5417320 5419244 5423215 5410920 5425151 5422235 5416016 5420779 5423093 5413642 5425760 5414974 5413690 5422082 5430303 5435354 5430165 5443909 5444184 5416564 5438936 5435308 5434076 5415504 5418415 5434738 5399186 5420946 5406447 5414146 5411811 5406377 5425872 5406234 5413036 5406707 5414888 5427963 5397964 5417399 5422871 5416992 5428190 5408226 5406411 5432170 5417979 5420972 5418068 5421684 5425739 5410935 5422172 5428070 5430684 5414435 5430409 5429883 5420779 5421196 5433288 5420675 5429345 5427955 5427246 5432524 5434509 5442726 5438383 5444563 5446864 5423274 5440632 5444795 5442160 5416746 5426058 5439686 5406243 5426729 5417608 5416800 5409004 5420382 5432760 5411466 5412816 5412959 5422659 5433522 5399730 5424847 5437967 5429786 5437375 5419008 5413470 5435139 5425002 5428344 5433487 5420147 5434097 5418228 5431475 5432531 5431531 5437360 5434954 5440806 5423093 5433288 5438968 5434072 5437164 5433714 5434918 5440000 5444837 5451585 5444622 5446877 5459583 5437155 5451170 5451062 5419985 5409260 5406181 5425904 5394925 5415871 5401234 5409173 5405450 5406853 5423055 5399890 5399837 5400793 5408844 5415258 5385655 5403437 5417309 5407554 5419367 5398067 5403389 5422046 5405374 5415342 5412788 5405911 5420831 5407995 5412539 5421423 5420619 5406183 5424480 5427351 5413642 5420675 5434072 5409982 5422409 5417166 5426648 5422097 5426486 5440054 5430621 5449514 5439398 5416442 5435676 5437985 5437395 5417942 5418414 5440104 5407132 5422594 5418235 5415556 5413039 5413362 5429385 5413334 5417583 5414631 5416925 5431317 5399843 5421009 5439326 5424461 5432098 5416743 5413463 5435337 5421584 5424272 5429746 5420230 5429241 5417004 5424406 5426826 5433144 5424714 5433815 5442483 5425760 5429345 5437164 5422409 5430970 5428703 5433043 5429018 5441531 5450218 5444514 5449067 5451638 5430458 5447172 5453699 5424559 5406954 5409061 5427886 5400206 5412262 5406841 5411366 5406428 5406922 5421126 5401172 5412177 5405689 5412376 5427430 5387453 5409968 5423125 5418070 5422974 5407097 5400497 5430097 5406784 5421214 5421142 5410253 5423974 5406259 5423802 5422950 5423934 5419863 5431051 5432200 5414974 5427955 5433714 5417166 5428703 5424030 5425118 5421756 5429836 5439180 5437327 5445957 5442257 5419561 5437567 5441132 5429439 5406387 5416831 5428660 5398736 5425095 5411643 5418243 5411176 5411678 5428420 5409045 5412939 5406184 5411727 5425018 5391924 5411909 5427838 5422037 5423977 5407987 5414464 5423392 5421726 5417157 5419258 5414198 5423031 5411093 5420775 5430148 5430543 5414825 5428818 5436055 5413690 5427246 5434918 5426648 5433043 5425118 5429246 5424162 5438274 5442842 5437160 5442857 5443045 5426452 5438646 5441949 5433164 5412507 5424003 5440678 5404678 5430077 5414069 5417598 5412036 5415429 5423544 5410113 5416277 5404492 5416944 5425523 5397969 5418312 5430162 5419948 5431293 5408050 5407028 5429247 5418872 5425401 5419106 5421385 5427679 5417392 5422571 5428002 5433622 5414295 5438907 5432512 5422082 5432524 5440000 5422097 5429018 5421756 5424162 5427420 5439201 5447706 5440875 5447389 5447680 5423149 5449544 5449762 5441248 5419904 5423021 5437980 5413647 5431479 5416991 5424585 5412755 5415162 5432002 5414077 5419782 5414363 5421213 5434541 5400057 5421760 5439601 5429580 5436096 5416402 5414480 5439766 5429245 5429261 5432806 5426549 5434134 5417859 5434492 5432722 5434141 5433306 5437058 5441747 5430303 5434509 5444837 5426486 5441531 5429836 5438274 5439201 5440732 5454749 5451207 5457306 5456335 5436581 5451333 5454556 5447464 5425357 5437859 5446784 5419325 5440457 5423707 5424727 5427055 5425988 5444259 5421701 5430316 5423770 5432195 5440708 5412278 5435424 5448527 5437086 5442123 5428460 5420961 5443324 5435181 5433272 5438557 5435429 5438351 5423963 5436634 5446618 5438964 5436666 5448824 5453710 5435354 5442726 5451585 5440054 5450218 5439180 5442842 5447706 5454749 5462498 5451149 5465012 5463029 5437374 5456599 5462693 5441055 5426318 5421101 5447077 5411340 5434985 5422099 5420945 5416393 5420755 5437789 5415998 5425948 5420302 5424000 5440168 5396364 5423043 5436324 5427782 5434607 5424871 5421525 5439110 5430350 5433392 5434202 5429041 5433706 5424451 5429667 5443540 5441872 5431266 5433673 5438827 5430165 5438383 5444622 5430621 5444514 5437327 5437160 5440875 5451207 5451149 5453652 5456287 5462266 5436730 5455207 5454014 5446785 5425948 5432927 5448091 5416373 5444979 5428252 5433595 5427876 5426076 5446709 5426137 5429721 5426674 5436585 5446941 5413599 5434273 5444345 5443729 5443104 5425897 5425521 5449361 5440557 5435084 5438558 5432752 5443766 5430428 5442511 5439774 5440149 5436284 5446344 5453685 5443909 5444563 5446877 5449514 5449067 5445957 5442857 5447389 5457306 5465012 5456287 5467652 5471463 5443949 5464668 5461279 5448543 5429040 5436994 5452460 5422216 5440023 5435157 5432464 5426450 5430912 5450338 5426805 5432326 5425372 5429586 5442357 5413814 5436032 5448901 5436013 5444257 5428731 5426232 5443947 5434786 5438657 5434141 5435658 5447353 5428486 5444134 5447853 5444145 5442148 5445584 5456931 5444184 5446864 5459583 5439398 5451638 5442257 5443045 5447680 5456335 5463029 5462266 5471463 5463802 5448323 5468950 5462816 5427162 5407885 5416982 5430479 5402060 5421547 5409962 5411730 5408468 5409987 5423218 5405823 5408878 5406970 5411303 5424986 5382990 5413133 5427579 5418884 5425147 5402166 5408308 5422185 5414533 5418158 5418680 5417283 5420300 5410126 5422622 5422867 5429408 5419957 5424343 5432414 5416564 5423274 5437155 5416442 5430458 5419561 5426452 5423149 5436581 5437374 5436730 5443949 5448323 5423196 5441394 5435228 5450918 5432761 5430695 5447233 5420163 5445338 5434366 5429403 5429644 5428625 5442661 5423993 5426573 5423929 5431998 5441898 5412199 5432744 5440667 5438639 5446902 5425369 5422281 5448193 5435344 5436852 5435328 5430205 5445188 5425430 5442435 5443349 5443596 5437906 5446446 5445471 5438936 5440632 5451170 5435676 5447172 5437567 5438646 5449544 5451333 5456599 5455207 5464668 5468950 5441394 5463548 5460339 5448432 5427161 5434264 5451617 5417969 5438593 5429554 5431331 5427148 5433307 5446824 5421212 5435029 5426581 5433468 5443446 5411931 5435374 5443419 5441271 5442021 5425175 5424795 5455629 5438907 5439480 5436618 5434773 5443450 5433227 5438539 5444907 5442301 5436903 5446257 5450906 5435308 5444795 5451062 5437985 5453699 5441132 5441949 5449762 5454556 5462693 5454014 5461279 5462816 5435228 5460339 5458524 
File Read time: 33.6561
Load balance: 1.00872
Nonzeros: 10185395802
Added loops
As a whole: 46728494 rows and 46728494 columns and 10232118610 nonzeros
Made stochastic
Initial chaos = 0.285252
As a whole: 46728494 rows and 46728494 columns and 10232118610 nonzeros
MCLRecovery with 600
Number of active columns are 1633644
Number of initial nonzeros are 20078111626
Number of active nonzeros are 19959355892
Total vector entries updated 1169
Number of active columns are 1632475
Number of active nonzeros are 9961644679
Total vector entries updated 2180
Number of active columns are 1630295
Number of active nonzeros are 4966861929
Total vector entries updated 4281
Number of active columns are 1626014
Number of active nonzeros are 2474133448
Total vector entries updated 7998
Number of active columns are 1618016
Number of active nonzeros are 1232707485
Total vector entries updated 14201
Number of active columns are 1603814
Number of active nonzeros are 614879152
Total vector entries updated 26088
Number of active columns are 1577724
Number of active nonzeros are 306708704
Total vector entries updated 47200
Number of active columns are 1530521
Number of active nonzeros are 152947441
Total vector entries updated 83862
Number of active columns are 1446651
Number of active nonzeros are 76242905
Total vector entries updated 142809
Number of active columns are 1303835
Number of active nonzeros are 37494064
Total vector entries updated 211768
Number of active columns are 1092055
Number of active nonzeros are 18015842
Total vector entries updated 256250
Number of active columns are 835784
Number of active nonzeros are 8303343
Total vector entries updated 272803
Number of active columns are 562955
Number of active nonzeros are 3590353
Total vector entries updated 245619
Number of active columns are 317316
Number of active nonzeros are 1425754
Total vector entries updated 167383
Number of active columns are 149925
Number of active nonzeros are 507642
Total vector entries updated 85032
Number of active columns are 64891
Number of active nonzeros are 157386
Total vector entries updated 40774
Number of active columns are 24114
Number of active nonzeros are 38857
Total vector entries updated 18823
Number of active columns are 5289
Number of active nonzeros are 6338
Total vector entries updated 4826
Number of active columns are 462
Number of active nonzeros are 472
Total vector entries updated 459
Number of active columns are 3
Number of active nonzeros are 3
Total vector entries updated 3
Number of active columns are 0
srun: error: nid00289: tasks 1132,1146: Killed
srun: Terminating job step 3057619.0
srun: error: nid00289: tasks 1128,1134,1136-1138,1144,1147-1148,1150: Killed
slurmstepd: error: *** STEP 3057619.0 ON nid00234 CANCELLED AT 2016-12-20T16:49:08 ***
srun: Job step aborted: Waiting up to 32 seconds for job step to finish.
srun: error: nid00289: tasks 1129,1131,1133,1139,1141,1143,1145,1149,1151: Killed
srun: error: nid00289: task 1130: Killed
srun: error: nid00289: tasks 1135,1140: Killed
srun: error: nid00351: task 2522: Killed
srun: error: nid00296: task 1302: Killed
srun: error: nid00303: tasks 1464,1468,1480: Killed
srun: error: nid00341: tasks 2284,2288: Killed
srun: error: nid00253: tasks 468,472: Killed
srun: error: nid00333: task 2098: Killed
srun: error: nid00287: tasks 1092,1096: Killed
srun: error: nid00355: tasks 2612,2616,2624: Killed
srun: error: nid00269: task 648: Killed
srun: error: nid00354: task 2599: Killed
srun: error: nid00249: task 370: Killed
srun: error: nid00294: tasks 1248,1250: Killed
srun: error: nid00243: task 216: Killed
srun: error: nid00304: tasks 1488,1490,1508: Killed
srun: error: nid00285: tasks 1032,1034,1036,1038,1040,1042,1044,1046,1050,1052,1054: Killed
srun: error: nid00340: tasks 2256,2262,2264,2268,2274: Killed
srun: error: nid00337: task 2190: Killed
srun: error: nid00237: task 90: Killed
srun: error: nid00334: tasks 2112,2120,2132: Killed
srun: error: nid00299: tasks 1368,1372,1376,1386: Killed
srun: error: nid00342: tasks 2306,2310,2312,2314,2318,2322,2326: Killed
srun: error: nid00358: task 2683: Killed
srun: error: nid00302: tasks 1442,1444,1448: Killed
srun: error: nid00252: tasks 432,434,440,442,446,448,452: Killed
srun: error: nid00349: tasks 2488,2492: Killed
srun: error: nid00338: task 2226: Killed
srun: error: nid00344: tasks 2362,2372: Killed
srun: error: nid00245: tasks 264,266,268,280,286: Killed
srun: error: nid00343: tasks 2328,2330,2334,2336,2338,2346: Killed
srun: error: nid00345: tasks 2378,2380,2382,2384,2386,2388,2390,2392,2394,2396,2398: Killed
srun: error: nid00329: tasks 1992,1994,2002,2010: Killed
srun: error: nid00275: task 796: Killed
srun: error: nid00317: tasks 1800,1804,1810,1820,1822: Killed
srun: error: nid00357: task 2662: Killed
srun: error: nid00313: tasks 1710,1716,1718,1724: Killed
srun: error: nid00236: tasks 52,54,70: Killed
srun: error: nid00350: tasks 2496,2512: Killed
srun: error: nid00250: task 386: Killed
srun: error: nid00278: tasks 864,868,870,872,874,876,880,884: Killed
srun: error: nid00254: tasks 482,488,490,494,498,500,502: Killed
srun: error: nid00339: task 2238: Killed
srun: error: nid00310: tasks 1632,1642,1646: Killed
srun: error: nid00282: tasks 960,968,970,972,974,982: Killed
srun: error: nid00323: task 1944: Killed
srun: error: nid00314: tasks 1728,1732,1734,1736,1748,1750: Killed
srun: error: nid00238: tasks 96,102,104,114,116,118: Killed
srun: error: nid00288: tasks 1104,1106,1110,1112,1118: Killed
srun: error: nid00332: tasks 2066,2068,2070,2072,2080,2084,2086: Killed
srun: error: nid00272: tasks 722,724,732,734,736,738,742: Killed
srun: error: nid00311: tasks 1664,1668: Killed
srun: error: nid00315: tasks 1752,1754,1758,1766,1768: Killed
srun: error: nid00248: tasks 338,340,344,352: Killed
srun: error: nid00295: tasks 1272,1274,1278,1280,1282,1286,1288,1292,1294: Killed
srun: error: nid00305: tasks 1512,1516,1526,1534: Killed
srun: error: nid00301: tasks 1416,1418,1420,1424: Killed
srun: error: nid00336: tasks 2160,2162,2164,2168,2170,2172,2174,2176,2182: Killed
srun: error: nid00293: tasks 1224,1226,1228,1234,1238,1242,1244: Killed
srun: error: nid00276: tasks 820,824,830: Killed
srun: error: nid00264: tasks 528,534: Killed
srun: error: nid00348: tasks 2448,2454: Killed
srun: error: nid00273: tasks 744,748,754,758,764,766: Killed
srun: error: nid00321: tasks 1896,1906: Killed
srun: error: nid00319: tasks 1848,1850,1852,1856,1858,1862,1864,1866,1868: Killed
srun: error: nid00330: tasks 2018,2026,2028: Killed
srun: error: nid00239: tasks 120,122,124,126,128,138,140,142: Killed
srun: error: nid00309: tasks 1608,1616,1620,1628,1630: Killed
srun: error: nid00328: task 1976: Killed
srun: error: nid00322: tasks 1922,1924,1934,1936,1940,1942: Killed
srun: error: nid00318: tasks 1824,1830,1844: Killed
srun: error: nid00308: tasks 1588,1592: Killed
srun: error: nid00292: tasks 1200,1210: Killed
srun: error: nid00279: tasks 890,894,896,898,900,902,904,906,908,910: Killed
srun: error: nid00283: tasks 988,990,1004: Killed
srun: error: nid00300: tasks 1404,1412: Killed
srun: error: nid00353: task 2566: Killed
srun: error: nid00277: task 852: Killed
srun: error: nid00331: tasks 2040,2042,2048,2050,2060: Killed
srun: error: nid00316: task 1776: Killed
srun: error: nid00335: tasks 2140,2158: Killed
srun: error: nid00255: tasks 512,516: Killed
srun: error: nid00297: tasks 1320,1322,1324,1330,1332,1334,1336,1340: Killed
srun: error: nid00246: tasks 288,290,292,294,296,298,300,302-304,306,308,310: Killed
srun: error: nid00289: task 1142: Killed
srun: error: nid00266: tasks 576-599: Killed
srun: error: nid00247: tasks 312-335: Killed
srun: error: nid00355: tasks 2613-2615,2617-2623,2625-2634: Killed
srun: error: nid00356: tasks 2635-2657: Killed
srun: error: nid00240: tasks 144-167: Killed
srun: error: nid00351: tasks 2520-2521,2523-2542: Killed
srun: error: nid00251: tasks 408-431: Killed
srun: error: nid00287: tasks 1080-1091,1093-1095,1097-1103: Killed
srun: error: nid00243: tasks 217-239: Killed
srun: error: nid00357: tasks 2658-2661,2663-2680: Killed
srun: error: nid00291: tasks 1176-1199: Killed
srun: error: nid00285: tasks 1033,1035,1037,1039,1041,1043,1045,1047-1049,1051,1053,1055: Killed
srun: error: nid00304: tasks 1489,1491-1507,1509-1511: Killed
srun: error: nid00358: tasks 2681-2682,2684-2703: Killed
srun: error: nid00235: tasks 24-47: Killed
srun: error: nid00254: tasks 480-481,483-487,489,491-493,495-497,499,501,503: Killed
srun: error: nid00242: tasks 192-215: Killed
srun: error: nid00320: tasks 1872-1895: Killed
srun: error: nid00244: tasks 240-263: Killed
srun: error: nid00345: tasks 2376-2377,2379,2381,2383,2385,2387,2389,2391,2393,2395,2397,2399: Killed
srun: error: nid00286: tasks 1056-1079: Killed
srun: error: nid00303: tasks 1465-1467,1469-1479,1481-1487: Killed
srun: error: nid00252: tasks 433,435-439,441,443-445,447,449-451,453-455: Killed
srun: error: nid00280: tasks 912-935: Killed
srun: error: nid00341: tasks 2280-2283,2285-2287,2289-2303: Killed
srun: error: nid00338: tasks 2208-2225,2227-2231: Killed
srun: error: nid00253: tasks 456-467,469-471,473-479: Killed
srun: error: nid00350: tasks 2497-2511,2513-2519: Killed
srun: error: nid00312: tasks 1680-1703: Killed
srun: error: nid00340: tasks 2257-2261,2263,2265-2267,2269-2273,2275-2279: Killed
srun: error: nid00353: tasks 2567-2588: Killed
srun: error: nid00282: tasks 961-967,969,971,973,975-981,983: Killed
srun: error: nid00329: tasks 1993,1995-2001,2003-2009,2011-2015: Killed
srun: error: nid00295: tasks 1273,1275-1277,1279,1281,1283-1285,1287,1289-1291,1293,1295: Killed
srun: error: nid00314: tasks 1729-1731,1733,1735,1737-1747,1749,1751: Killed
srun: error: nid00270: tasks 672-695: Killed
srun: error: nid00299: tasks 1369-1371,1373-1375,1377-1385,1387-1391: Killed
srun: error: nid00352: tasks 2543-2565: Killed
srun: error: nid00310: tasks 1633-1641,1643-1645,1647-1655: Killed
srun: error: nid00333: tasks 2088-2097,2099-2111: Killed
srun: error: nid00346: tasks 2400-2423: Killed
srun: error: nid00249: tasks 360-369,371-383: Killed
srun: error: nid00307: tasks 1560-1583: Killed
srun: error: nid00293: tasks 1225,1227,1229-1233,1235-1237,1239-1241,1243,1245-1247: Killed
srun: error: nid00334: tasks 2113-2119,2121-2131,2133-2135: Killed
srun: error: nid00248: tasks 336-337,339,341-343,345-351,353-359: Killed
srun: error: nid00342: tasks 2304-2305,2307-2309,2311,2313,2315-2317,2319-2321,2323-2325,2327: Killed
srun: error: nid00269: tasks 649-671: Killed
srun: error: nid00255: tasks 504-511,513-515,517-527: Killed
srun: error: nid00317: tasks 1801-1803,1805-1809,1811-1819,1821,1823: Killed
srun: error: nid00238: tasks 97-101,103,105-113,115,117,119: Killed
srun: error: nid00274: tasks 768-791: Killed
srun: error: nid00349: tasks 2472-2487,2489-2491,2493-2495: Killed
srun: error: nid00239: tasks 121,123,125,127,129-137,139,141,143: Killed
srun: error: nid00290: tasks 1152-1175: Killed
srun: error: nid00311: tasks 1656-1663,1665-1667,1669-1679: Killed
srun: error: nid00348: tasks 2449-2453,2455-2471: Killed
srun: error: nid00343: tasks 2329,2331-2333,2335,2337,2339-2345,2347-2351: Killed
srun: error: nid00268: tasks 624-647: Killed
srun: error: nid00284: tasks 1008-1031: Killed
srun: error: nid00277: tasks 840-851,853-863: Killed
srun: error: nid00267: tasks 600-623: Killed
srun: error: nid00250: tasks 384-385,387-407: Killed
srun: error: nid00332: tasks 2064-2065,2067,2069,2071,2073-2079,2081-2083,2085,2087: Killed
srun: error: nid00302: tasks 1440-1441,1443,1445-1447,1449-1463: Killed
srun: error: nid00323: tasks 1945-1967: Killed
srun: error: nid00294: tasks 1249,1251-1271: Killed
srun: error: nid00283: tasks 984-987,989,991-1003,1005-1007: Killed
srun: error: nid00276: tasks 816-819,821-823,825-829,831-839: Killed
srun: error: nid00271: tasks 696-719: Killed
srun: error: nid00354: tasks 2589-2598,2600-2611: Killed
srun: error: nid00331: tasks 2041,2043-2047,2049,2051-2059,2061-2063: Killed
srun: error: nid00330: tasks 2016-2017,2019-2025,2027,2029-2039: Killed
srun: error: nid00308: tasks 1584-1587,1589-1591,1593-1607: Killed
srun: error: nid00336: tasks 2161,2163,2165-2167,2169,2171,2173,2175,2177-2181,2183: Killed
srun: error: nid00339: tasks 2232-2237,2239-2255: Killed
srun: error: nid00273: tasks 745-747,749-753,755-757,759-763,765,767: Killed
srun: error: nid00306: tasks 1536-1559: Killed
srun: error: nid00316: tasks 1777-1799: Killed
srun: error: nid00236: tasks 48-51,53,55-69,71: Killed
srun: error: nid00300: tasks 1392-1403,1405-1411,1413-1415: Killed
srun: error: nid00313: tasks 1704-1709,1711-1715,1717,1719-1723,1725-1727: Killed
srun: error: nid00318: tasks 1825-1829,1831-1843,1845-1847: Killed
srun: error: nid00301: tasks 1417,1419,1421-1423,1425-1439: Killed
srun: error: nid00237: tasks 72-89,91-95: Killed
srun: error: nid00272: tasks 720-721,723,725-731,733,735,737,739-741,743: Killed
srun: error: nid00298: tasks 1344-1367: Killed
srun: error: nid00322: tasks 1920-1921,1923,1925-1933,1935,1937-1939,1941,1943: Killed
srun: error: nid00319: tasks 1849,1851,1853-1855,1857,1859-1861,1863,1865,1867,1869-1871: Killed
srun: error: nid00305: tasks 1513-1515,1517-1525,1527-1533,1535: Killed
srun: error: nid00292: tasks 1201-1209,1211-1223: Killed
srun: error: nid00296: tasks 1296-1301,1303-1319: Killed
srun: error: nid00315: tasks 1753,1755-1757,1759-1765,1767,1769-1775: Killed
srun: error: nid00288: tasks 1105,1107-1109,1111,1113-1117,1119-1127: Killed
srun: error: nid00278: tasks 865-867,869,871,873,875,877-879,881-883,885-887: Killed
srun: error: nid00241: tasks 168-191: Killed
srun: error: nid00279: tasks 888-889,891-893,895,897,899,901,903,905,907,909,911: Killed
srun: error: nid00275: tasks 792-795,797-815: Killed
srun: error: nid00246: tasks 289,291,293,295,297,299,301,305,307,309,311: Killed
srun: error: nid00337: tasks 2184-2189,2191-2207: Killed
srun: error: nid00321: tasks 1897-1905,1907-1919: Killed
srun: error: nid00297: tasks 1321,1323,1325-1329,1331,1333,1335,1337-1339,1341-1343: Killed
srun: error: nid00245: tasks 265,267,269-279,281-285,287: Killed
srun: error: nid00264: tasks 529-533,535-551: Killed
srun: error: nid00234: tasks 0-23: Killed
srun: error: nid00335: tasks 2136-2139,2141-2157,2159: Killed
srun: error: nid00281: tasks 936-959: Killed
srun: error: nid00309: tasks 1609-1615,1617-1619,1621-1627,1629,1631: Killed
srun: error: nid00344: tasks 2352-2361,2363-2371,2373-2375: Killed
srun: error: nid00328: tasks 1968-1975,1977-1991: Killed
srun: error: nid00347: tasks 2424-2447: Killed
srun: error: nid00265: task 556: Killed
srun: error: nid00265: tasks 552-555,557-575: Killed
