Process Grid (p x p x t): 32 x 32 x 24
filename: /global/cscratch1/sd/azad/mclFiles/Renamed_alignments_isolates_only_30_correct_copy.txtInflation: 2.000000
Cutoff:0.000100
Selection Number:1100
Recovery Number:1400
Recovery Percentage:0.900000
Base of MM (1 or 0):0
Randomly permute the matrix? (1 or 0):1
Number of SpGEMM phases:60
Running HipMCL with... 
Inflation: 2
Prunelimit: 0.0001
Recover number: 1400
Recover percent: 0.9
Selection number: 1100 in 60 phases 
COMBBLAS Warning: It is dangerous to create (matrix) objects without specifying the communicator, are you sure you want to create this object in MPI_COMM_WORLD?
Matrix is Float
Matrix is symmetric
Total number of nonzeros expected across all processors is 7325674843
File is 178633004090 bytes
Reading finished. Total number of entries read across all processors is 7325674843
Packing to recepients finished, about to send...
14322100 14287498 14296828 14297457 14278312 14281825 14301930 14283583 14287200 14299160 14256648 14317878 14310119 14269313 14313928 14309969 14308961 14313103 14285233 14323827 14331944 14330982 14308962 14354474 14304830 14331890 14326404 14346350 14362652 14365843 14347946 14367562 14287498 14274140 14276592 14278640 14254687 14260429 14280429 14259471 14260806 14275284 14245363 14291541 14293136 14253921 14285875 14289084 14279472 14289260 14267368 14290574 14303592 14301283 14278950 14324434 14282993 14311013 14315344 14318278 14339020 14350231 14329663 14343021 14296828 14276592 14274952 14269205 14252877 14261355 14282270 14251687 14273591 14264326 14236055 14289154 14299948 14252982 14288145 14286710 14282130 14296024 14279432 14299408 14308383 14305184 14285332 14319514 14284511 14321870 14311738 14324831 14341015 14351015 14331930 14335907 14297457 14278640 14269205 14281022 14250478 14254286 14281388 14266303 14267805 14288799 14228100 14303975 14300784 14243877 14289944 14287675 14283220 14293293 14269407 14296253 14311012 14310690 14288981 14320428 14283311 14308816 14316458 14323042 14339249 14356652 14328028 14352280 14278312 14254687 14252877 14250478 14252686 14234522 14268347 14241899 14250488 14262593 14213583 14276431 14273771 14231987 14283363 14269835 14267383 14273110 14259601 14265185 14292544 14288620 14268610 14303346 14270062 14301959 14298821 14302188 14315826 14342898 14315941 14329212 14281825 14260429 14261355 14254286 14234522 14233490 14262684 14235180 14252181 14264023 14217135 14282065 14274401 14227233 14276870 14268806 14264240 14273641 14254254 14277656 14286003 14291202 14263669 14296070 14271683 14293138 14296726 14296890 14319433 14328032 14318513 14326213 14301930 14280429 14282270 14281388 14268347 14262684 14279356 14262165 14284001 14285137 14236306 14297671 14297013 14256589 14297011 14294150 14285495 14298350 14273812 14294640 14316992 14310938 14297881 14326766 14291912 14326907 14315738 14326372 14347501 14362402 14333981 14354460 14283583 14259471 14251687 14266303 14241899 14235180 14262165 14237512 14242890 14266882 14211760 14283697 14278845 14229663 14273000 14273584 14265288 14283058 14253125 14275594 14290331 14284979 14276318 14298358 14270445 14297480 14296611 14305210 14328906 14337201 14311150 14327594 14287200 14260806 14273591 14267805 14250488 14252181 14284001 14242890 14258552 14256097 14219706 14279716 14288254 14245180 14282595 14277513 14273413 14273299 14259112 14279919 14295958 14295394 14271565 14315989 14277727 14308833 14293341 14311006 14333044 14339590 14318241 14333632 14299160 14275284 14264326 14288799 14262593 14264023 14285137 14266882 14256097 14274466 14239682 14306162 14303407 14260428 14286984 14294844 14283141 14302180 14258967 14284803 14313253 14308826 14295610 14326345 14286114 14320389 14305797 14322064 14346709 14360590 14327577 14349372 14256648 14245363 14236055 14228100 14213583 14217135 14236306 14211760 14219706 14239682 14186574 14256487 14245963 14202153 14250794 14246443 14240694 14242126 14229808 14247848 14257040 14260047 14243453 14286762 14238902 14269955 14271325 14280305 14293745 14316757 14280793 14300562 14317878 14291541 14289154 14303975 14276431 14282065 14297671 14283697 14279716 14306162 14256487 14321434 14325921 14275520 14305579 14311481 14305434 14313010 14292230 14316100 14332920 14328284 14314297 14350912 14305357 14343290 14329709 14352511 14367109 14376166 14357931 14367291 14310119 14293136 14299948 14300784 14273771 14274401 14297013 14278845 14288254 14303407 14245963 14325921 14322228 14265657 14313717 14311559 14305092 14313099 14292197 14325360 14329601 14328567 14311934 14349057 14308895 14331963 14330687 14342225 14352959 14369619 14347966 14356941 14269313 14253921 14252982 14243877 14231987 14227233 14256589 14229663 14245180 14260428 14202153 14275520 14265657 14225056 14266138 14256311 14253105 14259038 14246788 14257960 14289720 14275007 14258969 14296451 14256784 14294763 14280240 14294174 14319855 14322453 14299497 14313478 14313928 14285875 14288145 14289944 14283363 14276870 14297011 14273000 14282595 14286984 14250794 14305579 14313717 14266138 14300988 14290154 14287804 14305221 14279899 14299353 14322474 14331159 14306652 14340780 14302094 14329186 14320549 14334949 14355783 14365583 14334891 14367874 14309969 14289084 14286710 14287675 14269835 14268806 14294150 14273584 14277513 14294844 14246443 14311481 14311559 14256311 14290154 14285898 14293937 14312754 14282564 14304453 14328335 14308407 14290006 14334328 14291675 14325418 14321875 14333235 14357420 14357883 14338510 14358984 14308961 14279472 14282130 14283220 14267383 14264240 14285495 14265288 14273413 14283141 14240694 14305434 14305092 14253105 14287804 14293937 14286346 14293692 14277460 14304625 14311487 14317315 14291640 14329233 14290455 14316052 14310422 14327120 14350701 14351605 14334023 14340106 14313103 14289260 14296024 14293293 14273110 14273641 14298350 14283058 14273299 14302180 14242126 14313010 14313099 14259038 14305221 14312754 14293692 14325918 14290610 14304343 14326588 14322743 14309629 14339578 14305772 14332763 14325775 14337742 14352662 14372132 14338547 14363885 14285233 14267368 14279432 14269407 14259601 14254254 14273812 14253125 14259112 14258967 14229808 14292230 14292197 14246788 14279899 14282564 14277460 14290610 14275448 14286016 14303919 14304156 14288634 14318491 14279981 14313205 14306426 14314558 14335709 14351901 14329140 14340764 14323827 14290574 14299408 14296253 14265185 14277656 14294640 14275594 14279919 14284803 14247848 14316100 14325360 14257960 14299353 14304453 14304625 14304343 14286016 14304378 14325587 14324153 14306443 14339726 14299712 14332284 14332744 14336129 14362805 14359629 14346012 14355106 14331944 14303592 14308383 14311012 14292544 14286003 14316992 14290331 14295958 14313253 14257040 14332920 14329601 14289720 14322474 14328335 14311487 14326588 14303919 14325587 14347068 14344091 14321587 14357767 14311912 14344591 14335179 14358592 14371056 14372737 14364727 14375805 14330982 14301283 14305184 14310690 14288620 14291202 14310938 14284979 14295394 14308826 14260047 14328284 14328567 14275007 14331159 14308407 14317315 14322743 14304156 14324153 14344091 14338544 14319411 14349514 14327129 14350385 14348913 14358051 14367759 14392488 14359097 14372373 14308962 14278950 14285332 14288981 14268610 14263669 14297881 14276318 14271565 14295610 14243453 14314297 14311934 14258969 14306652 14290006 14291640 14309629 14288634 14306443 14321587 14319411 14303786 14333979 14305542 14325820 14319133 14329828 14354035 14370997 14341433 14346621 14354474 14324434 14319514 14320428 14303346 14296070 14326766 14298358 14315989 14326345 14286762 14350912 14349057 14296451 14340780 14334328 14329233 14339578 14318491 14339726 14357767 14349514 14333979 14357086 14337765 14363443 14365708 14368173 14387922 14397143 14375496 14394052 14304830 14282993 14284511 14283311 14270062 14271683 14291912 14270445 14277727 14286114 14238902 14305357 14308895 14256784 14302094 14291675 14290455 14305772 14279981 14299712 14311912 14327129 14305542 14337765 14286996 14324240 14323840 14329685 14353203 14370897 14335808 14353888 14331890 14311013 14321870 14308816 14301959 14293138 14326907 14297480 14308833 14320389 14269955 14343290 14331963 14294763 14329186 14325418 14316052 14332763 14313205 14332284 14344591 14350385 14325820 14363443 14324240 14355216 14344818 14355582 14387564 14389641 14369914 14376061 14326404 14315344 14311738 14316458 14298821 14296726 14315738 14296611 14293341 14305797 14271325 14329709 14330687 14280240 14320549 14321875 14310422 14325775 14306426 14332744 14335179 14348913 14319133 14365708 14323840 14344818 14341154 14356765 14372974 14376109 14354420 14378938 14346350 14318278 14324831 14323042 14302188 14296890 14326372 14305210 14311006 14322064 14280305 14352511 14342225 14294174 14334949 14333235 14327120 14337742 14314558 14336129 14358592 14358051 14329828 14368173 14329685 14355582 14356765 14366944 14391546 14409224 14375191 14387364 14362652 14339020 14341015 14339249 14315826 14319433 14347501 14328906 14333044 14346709 14293745 14367109 14352959 14319855 14355783 14357420 14350701 14352662 14335709 14362805 14371056 14367759 14354035 14387922 14353203 14387564 14372974 14391546 14407040 14423952 14388920 14402972 14365843 14350231 14351015 14356652 14342898 14328032 14362402 14337201 14339590 14360590 14316757 14376166 14369619 14322453 14365583 14357883 14351605 14372132 14351901 14359629 14372737 14392488 14370997 14397143 14370897 14389641 14376109 14409224 14423952 14434108 14411845 14418421 14347946 14329663 14331930 14328028 14315941 14318513 14333981 14311150 14318241 14327577 14280793 14357931 14347966 14299497 14334891 14338510 14334023 14338547 14329140 14346012 14364727 14359097 14341433 14375496 14335808 14369914 14354420 14375191 14388920 14411845 14392038 14382985 14367562 14343021 14335907 14352280 14329212 14326213 14354460 14327594 14333632 14349372 14300562 14367291 14356941 14313478 14367874 14358984 14340106 14363885 14340764 14355106 14375805 14372373 14346621 14394052 14353888 14376061 14378938 14387364 14402972 14418421 14382985 14403322 
File Read time: 125.507
Removed isolated vertices.
Applied symmetric permutation.
Load balance: 1.00548
Nonzeros: 10185395802
Adjusted loops according to default mcl parameters
Made stochastic
Multiwaymerge: inputNnz/mergedNnz = 6.67403
Number of columns needing recovery: 68865
Number of columns needing selection: 320577
PruneColumn displacements: 0 760 1520 2280 3040 3800 4560 5320 6080 6840 7600 8360 9120 9880 10640 11400 12160 12920 13680 14440 15200 15960 16720 17480 18240 19000 19760 20520 21280 22040 22800 23560 
Number of columns needing recovery after selection: 320577
PruneColumn displacements: 0 760 1520 2280 3040 3800 4560 5320 6080 6840 7600 8360 9120 9880 10640 11400 12160 12920 13680 14440 15200 15960 16720 17480 18240 19000 19760 20520 21280 22040 22800 23560 
Multiwaymerge: inputNnz/mergedNnz = 6.76948
Number of columns needing recovery: 68604
Number of columns needing selection: 319719
PruneColumn displacements: 0 760 1520 2280 3040 3800 4560 5320 6080 6840 7600 8360 9120 9880 10640 11400 12160 12920 13680 14440 15200 15960 16720 17480 18240 19000 19760 20520 21280 22040 22800 23560 
Number of columns needing recovery after selection: 319719
PruneColumn displacements: 0 760 1520 2280 3040 3800 4560 5320 6080 6840 7600 8360 9120 9880 10640 11400 12160 12920 13680 14440 15200 15960 16720 17480 18240 19000 19760 20520 21280 22040 22800 23560 
Multiwaymerge: inputNnz/mergedNnz = 6.94347
Number of columns needing recovery: 68377
Number of columns needing selection: 320587
PruneColumn displacements: 0 760 1520 2280 3040 3800 4560 5320 6080 6840 7600 8360 9120 9880 10640 11400 12160 12920 13680 14440 15200 15960 16720 17480 18240 19000 19760 20520 21280 22040 22800 23560 
Number of columns needing recovery after selection: 320587
PruneColumn displacements: 0 760 1520 2280 3040 3800 4560 5320 6080 6840 7600 8360 9120 9880 10640 11400 12160 12920 13680 14440 15200 15960 16720 17480 18240 19000 19760 20520 21280 22040 22800 23560 
Multiwaymerge: inputNnz/mergedNnz = 6.64735
Number of columns needing recovery: 68903
Number of columns needing selection: 319419
PruneColumn displacements: 0 760 1520 2280 3040 3800 4560 5320 6080 6840 7600 8360 9120 9880 10640 11400 12160 12920 13680 14440 15200 15960 16720 17480 18240 19000 19760 20520 21280 22040 22800 23560 
Number of columns needing recovery after selection: 319419
PruneColumn displacements: 0 760 1520 2280 3040 3800 4560 5320 6080 6840 7600 8360 9120 9880 10640 11400 12160 12920 13680 14440 15200 15960 16720 17480 18240 19000 19760 20520 21280 22040 22800 23560 
Multiwaymerge: inputNnz/mergedNnz = 6.7661
Number of columns needing recovery: 68646
Number of columns needing selection: 319347
PruneColumn displacements: 0 760 1520 2280 3040 3800 4560 5320 6080 6840 7600 8360 9120 9880 10640 11400 12160 12920 13680 14440 15200 15960 16720 17480 18240 19000 19760 20520 21280 22040 22800 23560 
Number of columns needing recovery after selection: 319347
PruneColumn displacements: 0 760 1520 2280 3040 3800 4560 5320 6080 6840 7600 8360 9120 9880 10640 11400 12160 12920 13680 14440 15200 15960 16720 17480 18240 19000 19760 20520 21280 22040 22800 23560 
Multiwaymerge: inputNnz/mergedNnz = 6.64152
Number of columns needing recovery: 69150
Number of columns needing selection: 319052
PruneColumn displacements: 0 760 1520 2280 3040 3800 4560 5320 6080 6840 7600 8360 9120 9880 10640 11400 12160 12920 13680 14440 15200 15960 16720 17480 18240 19000 19760 20520 21280 22040 22800 23560 
Number of columns needing recovery after selection: 319052
PruneColumn displacements: 0 760 1520 2280 3040 3800 4560 5320 6080 6840 7600 8360 9120 9880 10640 11400 12160 12920 13680 14440 15200 15960 16720 17480 18240 19000 19760 20520 21280 22040 22800 23560 
Multiwaymerge: inputNnz/mergedNnz = 6.68722
Number of columns needing recovery: 69211
Number of columns needing selection: 319208
PruneColumn displacements: 0 760 1520 2280 3040 3800 4560 5320 6080 6840 7600 8360 9120 9880 10640 11400 12160 12920 13680 14440 15200 15960 16720 17480 18240 19000 19760 20520 21280 22040 22800 23560 
Number of columns needing recovery after selection: 319208
PruneColumn displacements: 0 760 1520 2280 3040 3800 4560 5320 6080 6840 7600 8360 9120 9880 10640 11400 12160 12920 13680 14440 15200 15960 16720 17480 18240 19000 19760 20520 21280 22040 22800 23560 
Multiwaymerge: inputNnz/mergedNnz = 6.7262
Number of columns needing recovery: 68763
Number of columns needing selection: 319249
PruneColumn displacements: 0 760 1520 2280 3040 3800 4560 5320 6080 6840 7600 8360 9120 9880 10640 11400 12160 12920 13680 14440 15200 15960 16720 17480 18240 19000 19760 20520 21280 22040 22800 23560 
Number of columns needing recovery after selection: 319249
PruneColumn displacements: 0 760 1520 2280 3040 3800 4560 5320 6080 6840 7600 8360 9120 9880 10640 11400 12160 12920 13680 14440 15200 15960 16720 17480 18240 19000 19760 20520 21280 22040 22800 23560 
Multiwaymerge: inputNnz/mergedNnz = 6.64281
Number of columns needing recovery: 68691
Number of columns needing selection: 320460
PruneColumn displacements: 0 760 1520 2280 3040 3800 4560 5320 6080 6840 7600 8360 9120 9880 10640 11400 12160 12920 13680 14440 15200 15960 16720 17480 18240 19000 19760 20520 21280 22040 22800 23560 
Number of columns needing recovery after selection: 320460
PruneColumn displacements: 0 760 1520 2280 3040 3800 4560 5320 6080 6840 7600 8360 9120 9880 10640 11400 12160 12920 13680 14440 15200 15960 16720 17480 18240 19000 19760 20520 21280 22040 22800 23560 
Multiwaymerge: inputNnz/mergedNnz = 6.67936
Number of columns needing recovery: 69302
Number of columns needing selection: 319366
PruneColumn displacements: 0 760 1520 2280 3040 3800 4560 5320 6080 6840 7600 8360 9120 9880 10640 11400 12160 12920 13680 14440 15200 15960 16720 17480 18240 19000 19760 20520 21280 22040 22800 23560 
Number of columns needing recovery after selection: 319366
PruneColumn displacements: 0 760 1520 2280 3040 3800 4560 5320 6080 6840 7600 8360 9120 9880 10640 11400 12160 12920 13680 14440 15200 15960 16720 17480 18240 19000 19760 20520 21280 22040 22800 23560 
Multiwaymerge: inputNnz/mergedNnz = 6.72404
Number of columns needing recovery: 68912
Number of columns needing selection: 319833
PruneColumn displacements: 0 760 1520 2280 3040 3800 4560 5320 6080 6840 7600 8360 9120 9880 10640 11400 12160 12920 13680 14440 15200 15960 16720 17480 18240 19000 19760 20520 21280 22040 22800 23560 
Number of columns needing recovery after selection: 319833
PruneColumn displacements: 0 760 1520 2280 3040 3800 4560 5320 6080 6840 7600 8360 9120 9880 10640 11400 12160 12920 13680 14440 15200 15960 16720 17480 18240 19000 19760 20520 21280 22040 22800 23560 
Multiwaymerge: inputNnz/mergedNnz = 6.74018
Number of columns needing recovery: 68634
Number of columns needing selection: 319543
PruneColumn displacements: 0 760 1520 2280 3040 3800 4560 5320 6080 6840 7600 8360 9120 9880 10640 11400 12160 12920 13680 14440 15200 15960 16720 17480 18240 19000 19760 20520 21280 22040 22800 23560 
Number of columns needing recovery after selection: 319543
PruneColumn displacements: 0 760 1520 2280 3040 3800 4560 5320 6080 6840 7600 8360 9120 9880 10640 11400 12160 12920 13680 14440 15200 15960 16720 17480 18240 19000 19760 20520 21280 22040 22800 23560 
Multiwaymerge: inputNnz/mergedNnz = 6.84529
Number of columns needing recovery: 68371
Number of columns needing selection: 321216
PruneColumn displacements: 0 760 1520 2280 3040 3800 4560 5320 6080 6840 7600 8360 9120 9880 10640 11400 12160 12920 13680 14440 15200 15960 16720 17480 18240 19000 19760 20520 21280 22040 22800 23560 
Number of columns needing recovery after selection: 321216
PruneColumn displacements: 0 760 1520 2280 3040 3800 4560 5320 6080 6840 7600 8360 9120 9880 10640 11400 12160 12920 13680 14440 15200 15960 16720 17480 18240 19000 19760 20520 21280 22040 22800 23560 
Multiwaymerge: inputNnz/mergedNnz = 6.73731
Number of columns needing recovery: 68810
Number of columns needing selection: 319805
PruneColumn displacements: 0 760 1520 2280 3040 3800 4560 5320 6080 6840 7600 8360 9120 9880 10640 11400 12160 12920 13680 14440 15200 15960 16720 17480 18240 19000 19760 20520 21280 22040 22800 23560 
Number of columns needing recovery after selection: 319805
PruneColumn displacements: 0 760 1520 2280 3040 3800 4560 5320 6080 6840 7600 8360 9120 9880 10640 11400 12160 12920 13680 14440 15200 15960 16720 17480 18240 19000 19760 20520 21280 22040 22800 23560 
Multiwaymerge: inputNnz/mergedNnz = 6.69983
Number of columns needing recovery: 68660
Number of columns needing selection: 319635
PruneColumn displacements: 0 760 1520 2280 3040 3800 4560 5320 6080 6840 7600 8360 9120 9880 10640 11400 12160 12920 13680 14440 15200 15960 16720 17480 18240 19000 19760 20520 21280 22040 22800 23560 
Number of columns needing recovery after selection: 319635
PruneColumn displacements: 0 760 1520 2280 3040 3800 4560 5320 6080 6840 7600 8360 9120 9880 10640 11400 12160 12920 13680 14440 15200 15960 16720 17480 18240 19000 19760 20520 21280 22040 22800 23560 
Multiwaymerge: inputNnz/mergedNnz = 6.71669
Number of columns needing recovery: 68784
Number of columns needing selection: 319683
PruneColumn displacements: 0 760 1520 2280 3040 3800 4560 5320 6080 6840 7600 8360 9120 9880 10640 11400 12160 12920 13680 14440 15200 15960 16720 17480 18240 19000 19760 20520 21280 22040 22800 23560 
Number of columns needing recovery after selection: 319683
PruneColumn displacements: 0 760 1520 2280 3040 3800 4560 5320 6080 6840 7600 8360 9120 9880 10640 11400 12160 12920 13680 14440 15200 15960 16720 17480 18240 19000 19760 20520 21280 22040 22800 23560 
Multiwaymerge: inputNnz/mergedNnz = 6.64375
Number of columns needing recovery: 68362
Number of columns needing selection: 320145
PruneColumn displacements: 0 760 1520 2280 3040 3800 4560 5320 6080 6840 7600 8360 9120 9880 10640 11400 12160 12920 13680 14440 15200 15960 16720 17480 18240 19000 19760 20520 21280 22040 22800 23560 
Number of columns needing recovery after selection: 320145
PruneColumn displacements: 0 760 1520 2280 3040 3800 4560 5320 6080 6840 7600 8360 9120 9880 10640 11400 12160 12920 13680 14440 15200 15960 16720 17480 18240 19000 19760 20520 21280 22040 22800 23560 
Multiwaymerge: inputNnz/mergedNnz = 6.73272
Number of columns needing recovery: 68223
Number of columns needing selection: 320626
PruneColumn displacements: 0 760 1520 2280 3040 3800 4560 5320 6080 6840 7600 8360 9120 9880 10640 11400 12160 12920 13680 14440 15200 15960 16720 17480 18240 19000 19760 20520 21280 22040 22800 23560 
Number of columns needing recovery after selection: 320626
PruneColumn displacements: 0 760 1520 2280 3040 3800 4560 5320 6080 6840 7600 8360 9120 9880 10640 11400 12160 12920 13680 14440 15200 15960 16720 17480 18240 19000 19760 20520 21280 22040 22800 23560 
Multiwaymerge: inputNnz/mergedNnz = 6.65019
Number of columns needing recovery: 68211
Number of columns needing selection: 320675
PruneColumn displacements: 0 760 1520 2280 3040 3800 4560 5320 6080 6840 7600 8360 9120 9880 10640 11400 12160 12920 13680 14440 15200 15960 16720 17480 18240 19000 19760 20520 21280 22040 22800 23560 
Number of columns needing recovery after selection: 320675
PruneColumn displacements: 0 760 1520 2280 3040 3800 4560 5320 6080 6840 7600 8360 9120 9880 10640 11400 12160 12920 13680 14440 15200 15960 16720 17480 18240 19000 19760 20520 21280 22040 22800 23560 
Multiwaymerge: inputNnz/mergedNnz = 6.7873
Number of columns needing recovery: 68802
Number of columns needing selection: 320005
PruneColumn displacements: 0 760 1520 2280 3040 3800 4560 5320 6080 6840 7600 8360 9120 9880 10640 11400 12160 12920 13680 14440 15200 15960 16720 17480 18240 19000 19760 20520 21280 22040 22800 23560 
Number of columns needing recovery after selection: 320005
PruneColumn displacements: 0 760 1520 2280 3040 3800 4560 5320 6080 6840 7600 8360 9120 9880 10640 11400 12160 12920 13680 14440 15200 15960 16720 17480 18240 19000 19760 20520 21280 22040 22800 23560 
Multiwaymerge: inputNnz/mergedNnz = 6.81895
Number of columns needing recovery: 68654
Number of columns needing selection: 319778
PruneColumn displacements: 0 760 1520 2280 3040 3800 4560 5320 6080 6840 7600 8360 9120 9880 10640 11400 121Rank 977 [Mon Mar 13 16:38:34 2017] [c6-2c2s14n3] Fatal error in MPI_Recv: Invalid count, error stack:
MPI_Recv(212): MPI_Recv(buf=0x2aad4c3f3010, count=-1389223, MPI_DOUBLE, src=31, tag=1, comm=0x84000007, status=0x1) failed
MPI_Recv(116): Negative count, value is -1389223
Rank 1009 [Mon Mar 13 16:38:34 2017] [c7-2c0s6n3] Fatal error in MPI_Send: Invalid count, error stack:
MPI_Send(186): MPI_Send(buf=0x2aad90000010, count=-1389223, MPI_DOUBLE, dest=30, tag=1, comm=0x84000007) failed
MPI_Send(109): Negative count, value is -1389223
srun: error: nid04443: task 1009: Aborted
srun: Terminating job step 4321058.0
slurmstepd: error: *** STEP 4321058.0 ON nid01194 CANCELLED AT 2017-03-13T16:38:39 ***
srun: Job step aborted: Waiting up to 32 seconds for job step to finish.
srun: error: nid04411: task 977: Aborted
srun: error: nid04382: task 948: Killed
srun: error: nid04195: task 769: Killed
srun: error: nid01236: task 38: Killed
srun: error: nid04278: task 848: Killed
srun: error: nid04403: task 969: Killed
srun: error: nid01441: task 238: Killed
srun: error: nid04315: task 881: Killed
srun: error: nid03942: task 659: Killed
srun: error: nid01304: task 105: Killed
srun: error: nid01496: task 293: Killed
srun: error: nid01706: task 493: Killed
srun: error: nid04448: task 1014: Killed
srun: error: nid01794: task 581: Killed
srun: error: nid04207: task 781: Killed
srun: error: nid04303: task 869: Killed
srun: error: nid01806: task 593: Killed
srun: error: nid04107: task 681: Killed
srun: error: nid04244: task 814: Killed
srun: error: nid04256: task 826: Killed
srun: error: nid04119: task 693: Killed
srun: error: nid04360: task 926: Killed
srun: error: nid01507: task 304: Killed
srun: error: nid01303: task 104: Killed
srun: error: nid04140: task 714: Killed
srun: error: nid01684: task 471: Killed
srun: error: nid01315: task 116: Killed
srun: error: nid01337: task 138: Killed
srun: error: nid01727: task 514: Killed
srun: error: nid01774: task 561: Killed
srun: error: nid04219: task 793: Killed
srun: error: nid04277: task 847: Killed
srun: error: nid04381: task 947: Killed
srun: error: nid01578: task 371: Killed
srun: error: nid01374: task 171: Killed
srun: error: nid04415: task 981: Killed
srun: error: nid01545: task 338: Killed
srun: error: nid01590: task 383: Killed
srun: error: nid01827: task 614: Killed
srun: error: nid01637: task 426: Killed
srun: error: nid01566: task 359: Killed
srun: error: nid04197: task 771: Killed
srun: error: nid04393: task 959: Killed
srun: error: nid04438: task 1004: Killed
srun: error: nid01199: task 5: Killed
srun: error: nid01649: task 438: Killed
srun: error: nid03920: task 637: Killed
srun: error: nid01293: task 94: Killed
srun: error: nid01474: task 271: Killed
srun: error: nid04338: task 904: Killed
srun: error: nid01600: task 393: Killed
srun: error: nid01325: task 126: Killed
srun: error: nid01224: task 26: Killed
srun: error: nid01408: task 205: Killed
srun: error: nid01694: task 481: Killed
srun: error: nid04289: task 859: Killed
srun: error: nid01839: task 626: Killed
srun: error: nid04118: task 692: Killed
srun: error: nid04348: task 914: Killed
srun: error: nid01248: task 50: Killed
srun: error: nid04152: task 726: Killed
srun: error: nid01615: task 404: Killed
srun: error: nid01739: task 526: Killed
srun: error: nid01784: task 571: Killed
srun: error: nid01817: task 604: Killed
srun: error: nid01269: task 71: Killed
srun: error: nid01486: task 283: Killed
srun: error: nid04097: task 671: Killed
srun: error: nid01226: task 28: Killed
srun: error: nid01282: task 83: Killed
srun: error: nid01672: task 459: Killed
srun: error: nid01429: task 226: Killed
srun: error: nid01247: task 49: Killed
srun: error: nid01452: task 249: Killed
srun: error: nid01237: task 39: Killed
srun: error: nid01762: task 549: Killed
srun: error: nid04218: task 792: Killed
srun: error: nid04404: task 970: Killed
srun: error: nid01529: task 326: Killed
srun: error: nid04234: task 804: Killed
srun: error: nid01386: task 183: Killed
srun: error: nid04108: task 682: Killed
srun: error: nid01259: task 61: Killed
srun: error: nid04326: task 892: Killed
srun: error: nid04371: task 937: Killed
srun: error: nid04130: task 704: Killed
srun: error: nid04267: task 837: Killed
srun: error: nid04305: task 871: Killed
srun: error: nid01519: task 316: Killed
srun: error: nid01772: task 559: Killed
srun: error: nid04426: task 992: Killed
srun: error: nid01270: task 72: Killed
srun: error: nid01210: task 16: Killed
srun: error: nid01497: task 294: Killed
srun: error: nid01305: task 106: Killed
srun: error: nid01352: task 149: Killed
srun: error: nid01751: task 538: Killed
srun: error: nid04383: task 949: Killed
srun: error: nid03932: task 649: Killed
srun: error: nid04185: task 759: Killed
srun: error: nid01396: task 193: Killed
srun: error: nid04142: task 716: Killed
srun: error: nid04153: task 727: Killed
srun: error: nid01327: task 128: Killed
srun: error: nid01431: task 228: Killed
srun: error: nid01464: task 261: Killed
srun: error: nid01673: task 460: Killed
srun: error: nid01485: task 282: Killed
srun: error: nid04279: task 849: Killed
srun: error: nid01617: task 406: Killed
srun: error: nid01829: task 616: Killed
srun: error: nid01556: task 349: Killed
srun: error: nid04257: task 827: Killed
srun: error: nid01685: task 472: Killed
srun: error: nid01407: task 204: Killed
srun: error: nid01717: task 504: Killed
srun: error: nid01375: task 172: Killed
srun: error: nid01508: task 305: Killed
srun: error: nid04175: task 749: Killed
srun: error: nid04290: task 860: Killed
srun: error: nid01579: task 372: Killed
srun: error: nid01660: task 449: Killed
srun: error: nid04245: task 815: Killed
srun: error: nid04328: task 894: Killed
srun: error: nid04304: task 870: Killed
srun: error: nid01409: task 206: Killed
srun: error: nid04449: task 1015: Killed
srun: error: nid01627: task 416: Killed
srun: error: nid04120: task 694: Killed
srun: error: nid01442: task 239: Killed
srun: error: nid04416: task 982: Killed
srun: error: nid01419: task 216: Killed
srun: error: nid01283: task 84: Killed
srun: error: nid01475: task 272: Killed
srun: error: nid01729: task 516: Killed
srun: error: nid01707: task 494: Killed
srun: error: nid01785: task 572: Killed
srun: error: nid03922: task 639: Killed
srun: error: nid04141: task 715: Killed
srun: error: nid04163: task 737: Killed
srun: error: nid01650: task 439: Killed
srun: error: nid04208: task 782: Killed
srun: error: nid01316: task 117: Killed
srun: error: nid01773: task 560: Killed
srun: error: nid01695: task 482: Killed
srun: error: nid01249: task 51: Killed
srun: error: nid04349: task 915: Killed
srun: error: nid01430: task 227: Killed
srun: error: nid01568: task 361: Killed
srun: error: nid01326: task 127: Killed
srun: error: nid01818: task 605: Killed
srun: error: nid01200: task 6: Killed
srun: error: nid04220: task 794: Killed
srun: error: nid01840: task 627: Killed
srun: error: nid01616: task 405: Killed
srun: error: nid01487: task 284: Killed
srun: error: nid03921: task 638: Killed
srun: error: nid01601: task 394: Killed
srun: error: nid01674: task 461: Killed
srun: error: nid01509: task 306: Killed
srun: error: nid04198: task 772: Killed
srun: error: nid04306: task 872: Killed
srun: error: nid04361: task 927: Killed
srun: error: nid01260: task 62: Killed
srun: error: nid01453: task 250: Killed
srun: error: nid01750: task 537: Killed
srun: error: nid01589: task 382: Killed
srun: error: nid04186: task 760: Killed
srun: error: nid01397: task 194: Killed
srun: error: nid01795: task 582: Killed
srun: error: nid01807: task 594: Killed
srun: error: nid01530: task 327: Killed
srun: error: nid03943: task 660: Killed
srun: error: nid01387: task 184: Killed
srun: error: nid01420: task 217: Killed
srun: error: nid04394: task 960: Killed
srun: error: nid01338: task 139: Killed
srun: error: nid04327: task 893: Killed
srun: error: nid01675: task 462: Killed
srun: error: nid01591: task 384: Killed
srun: error: nid01697: task 484: Killed
srun: error: nid01557: task 350: Killed
srun: error: nid04316: task 882: Killed
srun: error: nid01211: task 17: Killed
srun: error: nid04131: task 705: Killed
srun: error: nid01432: task 229: Killed
srun: error: nid01638: task 427: Killed
srun: error: nid04351: task 917: Killed
srun: error: nid01238: task 40: Killed
srun: error: nid01718: task 505: Killed
srun: error: nid01364: task 161: Killed
srun: error: nid04235: task 805: Killed
srun: error: nid01354: task 151: Killed
srun: error: nid04165: task 739: Killed
srun: error: nid01752: task 539: Killed
srun: error: nid04372: task 938: Killed
srun: error: nid01740: task 527: Killed
srun: error: nid04247: task 817: Killed
srun: error: nid04221: task 795: Killed
srun: error: nid01532: task 329: Killed
srun: error: nid04406: task 972: Killed
srun: error: nid04143: task 717: Killed
srun: error: nid04405: task 971: Killed
srun: error: nid01639: task 428: Killed
srun: error: nid01520: task 317: Killed
srun: error: nid04176: task 750: Killed
srun: error: nid01775: task 562: Killed
srun: error: nid04121: task 695: Killed
srun: error: nid01272: task 74: Killed
srun: error: nid01398: task 195: Killed
srun: error: nid04439: task 1005: Killed
srun: error: nid01546: task 339: Killed
srun: error: nid01661: task 450: Killed
srun: error: nid01569: task 362: Killed
srun: error: nid04429: task 995: Killed
srun: error: nid04427: task 993: Killed
srun: error: nid04362: task 928: Killed
srun: error: nid01696: task 483: Killed
srun: error: nid01618: task 407: Killed
srun: error: nid01353: task 150: Killed
srun: error: nid01602: task 395: Killed
srun: error: nid04268: task 838: Killed
srun: error: nid04339: task 905: Killed
srun: error: nid03933: task 650: Killed
srun: error: nid04098: task 672: Killed
srun: error: nid01559: task 352: Killed
srun: error: nid01841: task 628: Killed
srun: error: nid04384: task 950: Killed
srun: error: nid01730: task 517: Killed
srun: error: nid01410: task 207: Killed
srun: error: nid01271: task 73: Killed
srun: error: nid01377: task 174: Killed
srun: error: nid01720: task 507: Killed
srun: error: nid01510: task 307: Killed
srun: error: nid01294: task 95: Killed
srun: error: nid01796: task 583: Killed
srun: error: nid04329: task 895: Killed
srun: error: nid01763: task 550: Killed
srun: error: nid01830: task 617: Killed
srun: error: nid04109: task 683: Killed
srun: error: nid04417: task 983: Killed
srun: error: nid01628: task 417: Killed
srun: error: nid01808: task 595: Killed
srun: error: nid01250: task 52: Killed
srun: error: nid01306: task 107: Killed
srun: error: nid01317: task 118: Killed
srun: error: nid04246: task 816: Killed
srun: error: nid04199: task 773: Killed
srun: error: nid04450: task 1016: Killed
srun: error: nid04209: task 783: Killed
srun: error: nid01641: task 430: Killed
srun: error: nid04280: task 850: Killed
srun: error: nid01708: task 495: Killed
srun: error: nid01227: task 29: Killed
srun: error: nid04395: task 961: Killed
srun: error: nid01284: task 85: Killed
srun: error: nid01476: task 273: Killed
srun: error: nid04317: task 883: Killed
srun: error: nid01521: task 318: Killed
srun: error: nid01786: task 573: Killed
srun: error: nid03945: task 662: Killed
srun: error: nid03944: task 661: Killed
srun: error: nid04154: task 728: Killed
srun: error: nid01498: task 295: Killed
srun: error: nid04350: task 916: Killed
srun: error: nid04164: task 738: Killed
srun: error: nid01443: task 240: Killed
srun: error: nid01365: task 162: Killed
srun: error: nid01339: task 140: Killed
srun: error: nid04407: task 973: Killed
srun: error: nid01201: task 7: Killed
srun: error: nid01376: task 173: Killed
srun: error: nid01213: task 19: Killed
srun: error: nid01531: task 328: Killed
srun: error: nid04248: task 818: Killed
srun: error: nid01651: task 440: Killed
srun: error: nid03923: task 640: Killed
srun: error: nid04258: task 828: Killed
srun: error: nid04291: task 861: Killed
srun: error: nid04281: task 851: Killed
srun: error: nid01261: task 63: Killed
srun: error: nid01465: task 262: Killed
srun: error: nid01455: task 252: Killed
srun: error: nid01698: task 485: Killed
srun: error: nid03934: task 651: Killed
srun: error: nid01662: task 451: Killed
srun: error: nid01478: task 275: Killed
srun: error: nid01355: task 152: Killed
srun: error: nid01629: task 418: Killed
srun: error: nid01388: task 185: Killed
srun: error: nid01454: task 251: Killed
srun: error: nid04452: task 1018: Killed
srun: error: nid01686: task 473: Killed
srun: error: nid04352: task 918: Killed
srun: error: nid04122: task 696: Killed
srun: error: nid04144: task 718: Killed
srun: error: nid04440: task 1006: Killed
srun: error: nid01580: task 373: Killed
srun: error: nid01488: task 285: Killed
srun: error: nid01753: task 540: Killed
srun: error: nid01819: task 606: Killed
srun: error: nid04307: task 873: Killed
srun: error: nid04099: task 673: Killed
srun: error: nid01273: task 75: Killed
srun: error: nid04132: task 706: Killed
srun: error: nid04418: task 984: Killed
srun: error: nid01764: task 551: Killed
srun: error: nid01433: task 230: Killed
srun: error: nid04385: task 951: Killed
srun: error: nid04373: task 939: Killed
srun: error: nid01328: task 129: Killed
srun: error: nid01466: task 263: Killed
srun: error: nid04296: task 862: Killed
srun: error: nid01239: task 41: Killed
srun: error: nid04297: task 863: Killed
srun: error: nid01831: task 618: Killed
srun: error: nid04187: task 761: Killed
srun: error: nid04428: task 994: Killed
srun: error: nid01499: task 296: Killed
srun: error: nid01709: task 496: Killed
srun: error: nid01741: task 528: Killed
srun: error: nid01547: task 340: Killed
srun: error: nid04270: task 840: Killed
srun: error: nid01719: task 506: Killed
srun: error: nid01421: task 218: Killed
srun: error: nid01676: task 463: Killed
srun: error: nid04340: task 906: Killed
srun: error: nid01558: task 351: Killed
srun: error: nid01366: task 163: Killed
srun: error: nid01798: task 585: Killed
srun: error: nid01721: task 508: Killed
srun: error: nid04166: task 740: Killed
srun: error: nid01456: task 253: Killed
srun: error: nid04210: task 784: Killed
srun: error: nid01307: task 108: Killed
srun: error: nid03946: task 663: Killed
srun: error: nid01295: task 96: Killed
srun: error: nid04222: task 796: Killed
srun: error: nid01212: task 18: Killed
srun: error: nid01592: task 385: Killed
srun: error: nid04236: task 806: Killed
srun: error: nid04259: task 829: Killed
srun: error: nid01603: task 396: Killed
srun: error: nid01776: task 563: Killed
srun: error: nid04111: task 685: Killed
srun: error: nid01619: task 408: Killed
srun: error: nid04363: task 929: Killed
srun: error: nid01501: task 298: Killed
srun: error: nid01797: task 584: Killed
srun: error: nid01378: task 175: Killed
srun: error: nid01548: task 341: Killed
srun: error: nid03924: task 641: Killed
srun: error: nid01251: task 53: Killed
srun: error: nid01570: task 363: Killed
srun: error: nid01743: task 530: Killed
srun: error: nid01731: task 518: Killed
srun: error: nid01356: task 153: Killed
srun: error: nid01652: task 441: Killed
srun: error: nid01411: task 208: Killed
srun: error: nid01228: task 30: Killed
srun: error: nid04134: task 708: Killed
srun: error: nid04430: task 996: Killed
srun: error: nid01319: task 120: Killed
srun: error: nid04318: task 884: Killed
srun: error: nid01511: task 308: Killed
srun: error: nid01809: task 596: Killed
srun: error: nid04451: task 1017: Killed
srun: error: nid01444: task 241: Killed
srun: error: nid01842: task 629: Killed
srun: error: nid01202: task 8: Killed
srun: error: nid01640: task 429: Killed
srun: error: nid04269: task 839: Killed
srun: error: nid01329: task 130: Killed
srun: error: nid01522: task 319: Killed
srun: error: nid01296: task 97: Killed
srun: error: nid04330: task 896: Killed
srun: error: nid01399: task 196: Killed
srun: error: nid04375: task 941: Killed
srun: error: nid01844: task 631: Killed
srun: error: nid01581: task 374: Killed
srun: error: nid01285: task 86: Killed
srun: error: nid01340: task 141: Killed
srun: error: nid01642: task 431: Killed
srun: error: nid04408: task 974: Killed
srun: error: nid04133: task 707: Killed
srun: error: nid01820: task 607: Killed
srun: error: nid04341: task 907: Killed
srun: error: nid04396: task 962: Killed
srun: error: nid04177: task 751: Killed
srun: error: nid04167: task 741: Killed
srun: error: nid04189: task 763: Killed
srun: error: nid01666: task 453: Killed
srun: error: nid01687: task 474: Killed
srun: error: nid01342: task 143: Killed
srun: error: nid01297: task 98: Killed
srun: error: nid04145: task 719: Killed
srun: error: nid04237: task 807: Killed
srun: error: nid01821: task 608: Killed
srun: error: nid01489: task 286: Killed
srun: error: nid04110: task 684: Killed
srun: error: nid04441: task 1007: Killed
srun: error: nid01689: task 476: Killed
srun: error: nid01533: task 330: Killed
srun: error: nid01389: task 186: Killed
srun: error: nid04100: task 674: Killed
srun: error: nid01477: task 274: Killed
srun: error: nid04249: task 819: Killed
srun: error: nid01560: task 353: Killed
srun: error: nid01214: task 20: Killed
srun: error: nid01787: task 574: Killed
srun: error: nid01318: task 119: Killed
srun: error: nid01742: task 529: Killed
srun: error: nid01401: task 198: Killed
srun: error: nid04155: task 729: Killed
srun: error: nid01571: task 364: Killed
srun: error: nid04271: task 841: Killed
srun: error: nid04386: task 952: Killed
srun: error: nid04112: task 686: Killed
srun: error: nid01434: task 231: Killed
srun: error: nid04212: task 786: Killed
srun: error: nid04200: task 774: Killed
