Process Grid (p x p x t): 32 x 32 x 24
filename: /global/cscratch1/sd/azad/mclFiles/Renamed_alignments_isolates_only_30_correct_copy.txtInflation: 2.000000
Cutoff:0.000100
Selection Number:1100
Recovery Number:1400
Recovery Percentage:0.900000
Base of MM (1 or 0):0
Randomly permute the matrix? (1 or 0):1
Number of SpGEMM phases:60
Running HipMCL with... 
Inflation: 2
Prunelimit: 0.0001
Recover number: 1400
Recover percent: 0.9
Selection number: 1100 in 60 phases 
COMBBLAS Warning: It is dangerous to create (matrix) objects without specifying the communicator, are you sure you want to create this object in MPI_COMM_WORLD?
Matrix is Float
Matrix is symmetric
Total number of nonzeros expected across all processors is 7325674843
File is 178633004090 bytes
Reading finished. Total number of entries read across all processors is 7325674843
Packing to recepients finished, about to send...
14322100 14287498 14296828 14297457 14278312 14281825 14301930 14283583 14287200 14299160 14256648 14317878 14310119 14269313 14313928 14309969 14308961 14313103 14285233 14323827 14331944 14330982 14308962 14354474 14304830 14331890 14326404 14346350 14362652 14365843 14347946 14367562 14287498 14274140 14276592 14278640 14254687 14260429 14280429 14259471 14260806 14275284 14245363 14291541 14293136 14253921 14285875 14289084 14279472 14289260 14267368 14290574 14303592 14301283 14278950 14324434 14282993 14311013 14315344 14318278 14339020 14350231 14329663 14343021 14296828 14276592 14274952 14269205 14252877 14261355 14282270 14251687 14273591 14264326 14236055 14289154 14299948 14252982 14288145 14286710 14282130 14296024 14279432 14299408 14308383 14305184 14285332 14319514 14284511 14321870 14311738 14324831 14341015 14351015 14331930 14335907 14297457 14278640 14269205 14281022 14250478 14254286 14281388 14266303 14267805 14288799 14228100 14303975 14300784 14243877 14289944 14287675 14283220 14293293 14269407 14296253 14311012 14310690 14288981 14320428 14283311 14308816 14316458 14323042 14339249 14356652 14328028 14352280 14278312 14254687 14252877 14250478 14252686 14234522 14268347 14241899 14250488 14262593 14213583 14276431 14273771 14231987 14283363 14269835 14267383 14273110 14259601 14265185 14292544 14288620 14268610 14303346 14270062 14301959 14298821 14302188 14315826 14342898 14315941 14329212 14281825 14260429 14261355 14254286 14234522 14233490 14262684 14235180 14252181 14264023 14217135 14282065 14274401 14227233 14276870 14268806 14264240 14273641 14254254 14277656 14286003 14291202 14263669 14296070 14271683 14293138 14296726 14296890 14319433 14328032 14318513 14326213 14301930 14280429 14282270 14281388 14268347 14262684 14279356 14262165 14284001 14285137 14236306 14297671 14297013 14256589 14297011 14294150 14285495 14298350 14273812 14294640 14316992 14310938 14297881 14326766 14291912 14326907 14315738 14326372 14347501 14362402 14333981 14354460 14283583 14259471 14251687 14266303 14241899 14235180 14262165 14237512 14242890 14266882 14211760 14283697 14278845 14229663 14273000 14273584 14265288 14283058 14253125 14275594 14290331 14284979 14276318 14298358 14270445 14297480 14296611 14305210 14328906 14337201 14311150 14327594 14287200 14260806 14273591 14267805 14250488 14252181 14284001 14242890 14258552 14256097 14219706 14279716 14288254 14245180 14282595 14277513 14273413 14273299 14259112 14279919 14295958 14295394 14271565 14315989 14277727 14308833 14293341 14311006 14333044 14339590 14318241 14333632 14299160 14275284 14264326 14288799 14262593 14264023 14285137 14266882 14256097 14274466 14239682 14306162 14303407 14260428 14286984 14294844 14283141 14302180 14258967 14284803 14313253 14308826 14295610 14326345 14286114 14320389 14305797 14322064 14346709 14360590 14327577 14349372 14256648 14245363 14236055 14228100 14213583 14217135 14236306 14211760 14219706 14239682 14186574 14256487 14245963 14202153 14250794 14246443 14240694 14242126 14229808 14247848 14257040 14260047 14243453 14286762 14238902 14269955 14271325 14280305 14293745 14316757 14280793 14300562 14317878 14291541 14289154 14303975 14276431 14282065 14297671 14283697 14279716 14306162 14256487 14321434 14325921 14275520 14305579 14311481 14305434 14313010 14292230 14316100 14332920 14328284 14314297 14350912 14305357 14343290 14329709 14352511 14367109 14376166 14357931 14367291 14310119 14293136 14299948 14300784 14273771 14274401 14297013 14278845 14288254 14303407 14245963 14325921 14322228 14265657 14313717 14311559 14305092 14313099 14292197 14325360 14329601 14328567 14311934 14349057 14308895 14331963 14330687 14342225 14352959 14369619 14347966 14356941 14269313 14253921 14252982 14243877 14231987 14227233 14256589 14229663 14245180 14260428 14202153 14275520 14265657 14225056 14266138 14256311 14253105 14259038 14246788 14257960 14289720 14275007 14258969 14296451 14256784 14294763 14280240 14294174 14319855 14322453 14299497 14313478 14313928 14285875 14288145 14289944 14283363 14276870 14297011 14273000 14282595 14286984 14250794 14305579 14313717 14266138 14300988 14290154 14287804 14305221 14279899 14299353 14322474 14331159 14306652 14340780 14302094 14329186 14320549 14334949 14355783 14365583 14334891 14367874 14309969 14289084 14286710 14287675 14269835 14268806 14294150 14273584 14277513 14294844 14246443 14311481 14311559 14256311 14290154 14285898 14293937 14312754 14282564 14304453 14328335 14308407 14290006 14334328 14291675 14325418 14321875 14333235 14357420 14357883 14338510 14358984 14308961 14279472 14282130 14283220 14267383 14264240 14285495 14265288 14273413 14283141 14240694 14305434 14305092 14253105 14287804 14293937 14286346 14293692 14277460 14304625 14311487 14317315 14291640 14329233 14290455 14316052 14310422 14327120 14350701 14351605 14334023 14340106 14313103 14289260 14296024 14293293 14273110 14273641 14298350 14283058 14273299 14302180 14242126 14313010 14313099 14259038 14305221 14312754 14293692 14325918 14290610 14304343 14326588 14322743 14309629 14339578 14305772 14332763 14325775 14337742 14352662 14372132 14338547 14363885 14285233 14267368 14279432 14269407 14259601 14254254 14273812 14253125 14259112 14258967 14229808 14292230 14292197 14246788 14279899 14282564 14277460 14290610 14275448 14286016 14303919 14304156 14288634 14318491 14279981 14313205 14306426 14314558 14335709 14351901 14329140 14340764 14323827 14290574 14299408 14296253 14265185 14277656 14294640 14275594 14279919 14284803 14247848 14316100 14325360 14257960 14299353 14304453 14304625 14304343 14286016 14304378 14325587 14324153 14306443 14339726 14299712 14332284 14332744 14336129 14362805 14359629 14346012 14355106 14331944 14303592 14308383 14311012 14292544 14286003 14316992 14290331 14295958 14313253 14257040 14332920 14329601 14289720 14322474 14328335 14311487 14326588 14303919 14325587 14347068 14344091 14321587 14357767 14311912 14344591 14335179 14358592 14371056 14372737 14364727 14375805 14330982 14301283 14305184 14310690 14288620 14291202 14310938 14284979 14295394 14308826 14260047 14328284 14328567 14275007 14331159 14308407 14317315 14322743 14304156 14324153 14344091 14338544 14319411 14349514 14327129 14350385 14348913 14358051 14367759 14392488 14359097 14372373 14308962 14278950 14285332 14288981 14268610 14263669 14297881 14276318 14271565 14295610 14243453 14314297 14311934 14258969 14306652 14290006 14291640 14309629 14288634 14306443 14321587 14319411 14303786 14333979 14305542 14325820 14319133 14329828 14354035 14370997 14341433 14346621 14354474 14324434 14319514 14320428 14303346 14296070 14326766 14298358 14315989 14326345 14286762 14350912 14349057 14296451 14340780 14334328 14329233 14339578 14318491 14339726 14357767 14349514 14333979 14357086 14337765 14363443 14365708 14368173 14387922 14397143 14375496 14394052 14304830 14282993 14284511 14283311 14270062 14271683 14291912 14270445 14277727 14286114 14238902 14305357 14308895 14256784 14302094 14291675 14290455 14305772 14279981 14299712 14311912 14327129 14305542 14337765 14286996 14324240 14323840 14329685 14353203 14370897 14335808 14353888 14331890 14311013 14321870 14308816 14301959 14293138 14326907 14297480 14308833 14320389 14269955 14343290 14331963 14294763 14329186 14325418 14316052 14332763 14313205 14332284 14344591 14350385 14325820 14363443 14324240 14355216 14344818 14355582 14387564 14389641 14369914 14376061 14326404 14315344 14311738 14316458 14298821 14296726 14315738 14296611 14293341 14305797 14271325 14329709 14330687 14280240 14320549 14321875 14310422 14325775 14306426 14332744 14335179 14348913 14319133 14365708 14323840 14344818 14341154 14356765 14372974 14376109 14354420 14378938 14346350 14318278 14324831 14323042 14302188 14296890 14326372 14305210 14311006 14322064 14280305 14352511 14342225 14294174 14334949 14333235 14327120 14337742 14314558 14336129 14358592 14358051 14329828 14368173 14329685 14355582 14356765 14366944 14391546 14409224 14375191 14387364 14362652 14339020 14341015 14339249 14315826 14319433 14347501 14328906 14333044 14346709 14293745 14367109 14352959 14319855 14355783 14357420 14350701 14352662 14335709 14362805 14371056 14367759 14354035 14387922 14353203 14387564 14372974 14391546 14407040 14423952 14388920 14402972 14365843 14350231 14351015 14356652 14342898 14328032 14362402 14337201 14339590 14360590 14316757 14376166 14369619 14322453 14365583 14357883 14351605 14372132 14351901 14359629 14372737 14392488 14370997 14397143 14370897 14389641 14376109 14409224 14423952 14434108 14411845 14418421 14347946 14329663 14331930 14328028 14315941 14318513 14333981 14311150 14318241 14327577 14280793 14357931 14347966 14299497 14334891 14338510 14334023 14338547 14329140 14346012 14364727 14359097 14341433 14375496 14335808 14369914 14354420 14375191 14388920 14411845 14392038 14382985 14367562 14343021 14335907 14352280 14329212 14326213 14354460 14327594 14333632 14349372 14300562 14367291 14356941 14313478 14367874 14358984 14340106 14363885 14340764 14355106 14375805 14372373 14346621 14394052 14353888 14376061 14378938 14387364 14402972 14418421 14382985 14403322 
File Read time: 127.816
Removed isolated vertices.
Applied symmetric permutation.
Load balance: 1.00494
Nonzeros: 10185395802
Adjusted loops according to default mcl parameters
Made stochastic
Multiwaymerge: inputNnz/mergedNnz = 6.68736
Number of columns needing recovery: 69154
Number of columns needing selection: 319637
PruneColumn displacements: 0 760 1520 2280 3040 3800 4560 5320 6080 6840 7600 8360 9120 9880 10640 11400 12160 12920 13680 14440 15200 15960 16720 17480 18240 19000 19760 20520 21280 22040 22800 23560 
Number of columns needing recovery after selection: 319637
PruneColumn displacements: 0 760 1520 2280 3040 3800 4560 5320 6080 6840 7600 8360 9120 9880 10640 11400 12160 12920 13680 14440 15200 15960 16720 17480 18240 19000 19760 20520 21280 22040 22800 23560 
Multiwaymerge: inputNnz/mergedNnz = 6.65931
Number of columns needing recovery: 68468
Number of columns needing selection: 319334
PruneColumn displacements: 0 760 1520 2280 3040 3800 4560 5320 6080 6840 7600 8360 9120 9880 10640 11400 12160 12920 13680 14440 15200 15960 16720 17480 18240 19000 19760 20520 21280 22040 22800 23560 
Number of columns needing recovery after selection: 319334
PruneColumn displacements: 0 760 1520 2280 3040 3800 4560 5320 6080 6840 7600 8360 9120 9880 10640 11400 12160 12920 13680 14440 15200 15960 16720 17480 18240 19000 19760 20520 21280 22040 22800 23560 
Multiwaymerge: inputNnz/mergedNnz = 6.76178
Number of columns needing recovery: 68576
Number of columns needing selection: 320009
PruneColumn displacements: 0 760 1520 2280 3040 3800 4560 5320 6080 6840 7600 8360 9120 9880 10640 11400 12160 12920 13680 14440 15200 15960 16720 17480 18240 19000 19760 20520 21280 22040 22800 23560 
Number of columns needing recovery after selection: 320009
PruneColumn displacements: 0 760 1520 2280 3040 3800 4560 5320 6080 6840 7600 8360 9120 9880 10640 11400 12160 12920 13680 14440 15200 15960 16720 17480 18240 19000 19760 20520 21280 22040 22800 23560 
Multiwaymerge: inputNnz/mergedNnz = 6.66084
Number of columns needing recovery: 68859
Number of columns needing selection: 319928
PruneColumn displacements: 0 760 1520 2280 3040 3800 4560 5320 6080 6840 7600 8360 9120 9880 10640 11400 12160 12920 13680 14440 15200 15960 16720 17480 18240 19000 19760 20520 21280 22040 22800 23560 
Number of columns needing recovery after selection: 319928
PruneColumn displacements: 0 760 1520 2280 3040 3800 4560 5320 6080 6840 7600 8360 9120 9880 10640 11400 12160 12920 13680 14440 15200 15960 16720 17480 18240 19000 19760 20520 21280 22040 22800 23560 
Multiwaymerge: inputNnz/mergedNnz = 6.73277
Number of columns needing recovery: 68756
Number of columns needing selection: 321075
PruneColumn displacements: 0 760 1520 2280 3040 3800 4560 5320 6080 6840 7600 8360 9120 9880 10640 11400 12160 12920 13680 14440 15200 15960 16720 17480 18240 19000 19760 20520 21280 22040 22800 23560 
Number of columns needing recovery after selection: 321075
PruneColumn displacements: 0 760 1520 2280 3040 3800 4560 5320 6080 6840 7600 8360 9120 9880 10640 11400 12160 12920 13680 14440 15200 15960 16720 17480 18240 19000 19760 20520 21280 22040 22800 23560 
Multiwaymerge: inputNnz/mergedNnz = 6.73025
Number of columns needing recovery: 68310
Number of columns needing selection: 319902
PruneColumn displacements: 0 760 1520 2280 3040 3800 4560 5320 6080 6840 7600 8360 9120 9880 10640 11400 12160 12920 13680 14440 15200 15960 16720 17480 18240 19000 19760 20520 21280 22040 22800 23560 
Number of columns needing recovery after selection: 319902
PruneColumn displacements: 0 760 1520 2280 3040 3800 4560 5320 6080 6840 7600 8360 9120 9880 10640 11400 12160 12920 13680 14440 15200 15960 16720 17480 18240 19000 19760 20520 21280 22040 22800 23560 
Multiwaymerge: inputNnz/mergedNnz = 6.71097
Number of columns needing recovery: 68064
Number of columns needing selection: 319922
PruneColumn displacements: 0 760 1520 2280 3040 3800 4560 5320 6080 6840 7600 8360 9120 9880 10640 11400 12160 12920 13680 14440 15200 15960 16720 17480 18240 19000 19760 20520 21280 22040 22800 23560 
Number of columns needing recovery after selection: 319922
PruneColumn displacements: 0 760 1520 2280 3040 3800 4560 5320 6080 6840 7600 8360 9120 9880 10640 11400 12160 12920 13680 14440 15200 15960 16720 17480 18240 19000 19760 20520 21280 22040 22800 23560 
Multiwaymerge: inputNnz/mergedNnz = 6.7784
Number of columns needing recovery: 68604
Number of columns needing selection: 320035
PruneColumn displacements: 0 760 1520 2280 3040 3800 4560 5320 6080 6840 7600 8360 9120 9880 10640 11400 12160 12920 13680 14440 15200 15960 16720 17480 18240 19000 19760 20520 21280 22040 22800 23560 
Number of columns needing recovery after selection: 320035
PruneColumn displacements: 0 760 1520 2280 3040 3800 4560 5320 6080 6840 7600 8360 9120 9880 10640 11400 12160 12920 13680 14440 15200 15960 16720 17480 18240 19000 19760 20520 21280 22040 22800 23560 
Multiwaymerge: inputNnz/mergedNnz = 6.68354
Number of columns needing recovery: 68403
Number of columns needing selection: 320017
PruneColumn displacements: 0 760 1520 2280 3040 3800 4560 5320 6080 6840 7600 8360 9120 9880 10640 11400 12160 12920 13680 14440 15200 15960 16720 17480 18240 19000 19760 20520 21280 22040 22800 23560 
Number of columns needing recovery after selection: 320017
PruneColumn displacements: 0 760 1520 2280 3040 3800 4560 5320 6080 6840 7600 8360 9120 9880 10640 11400 12160 12920 13680 14440 15200 15960 16720 17480 18240 19000 19760 20520 21280 22040 22800 23560 
Multiwaymerge: inputNnz/mergedNnz = 6.62327
Number of columns needing recovery: 68358
Number of columns needing selection: 320521
PruneColumn displacements: 0 760 1520 2280 3040 3800 4560 5320 6080 6840 7600 8360 9120 9880 10640 11400 12160 12920 13680 14440 15200 15960 16720 17480 18240 19000 19760 20520 21280 22040 22800 23560 
Number of columns needing recovery after selection: 320521
PruneColumn displacements: 0 760 1520 2280 3040 3800 4560 5320 6080 6840 7600 8360 9120 9880 10640 11400 12160 12920 13680 14440 15200 15960 16720 17480 18240 19000 19760 20520 21280 22040 22800 23560 
Multiwaymerge: inputNnz/mergedNnz = 6.65459
Number of columns needing recovery: 68781
Number of columns needing selection: 320305
PruneColumn displacements: 0 760 1520 2280 3040 3800 4560 5320 6080 6840 7600 8360 9120 9880 10640 11400 12160 12920 13680 14440 15200 15960 16720 17480 18240 19000 19760 20520 21280 22040 22800 23560 
Number of columns needing recovery after selection: 320305
PruneColumn displacements: 0 760 1520 2280 3040 3800 4560 5320 6080 6840 7600 8360 9120 9880 10640 11400 12160 12920 13680 14440 15200 15960 16720 17480 18240 19000 19760 20520 21280 22040 22800 23560 
Multiwaymerge: inputNnz/mergedNnz = 6.72416
Number of columns needing recovery: 68784
Number of columns needing selection: 320034
PruneColumn displacements: 0 760 1520 2280 3040 3800 4560 5320 6080 6840 7600 8360 9120 9880 10640 11400 12160 12920 13680 14440 15200 15960 16720 17480 18240 19000 19760 20520 21280 22040 22800 23560 
Number of columns needing recovery after selection: 320034
PruneColumn displacements: 0 760 1520 2280 3040 3800 4560 5320 6080 6840 7600 8360 9120 9880 10640 11400 12160 12920 13680 14440 15200 15960 16720 17480 18240 19000 19760 20520 21280 22040 22800 23560 
Multiwaymerge: inputNnz/mergedNnz = 6.84356
Number of columns needing recovery: 68689
Number of columns needing selection: 319562
PruneColumn displacements: 0 760 1520 2280 3040 3800 4560 5320 6080 6840 7600 8360 9120 9880 10640 11400 12160 12920 13680 14440 15200 15960 16720 17480 18240 19000 19760 20520 21280 22040 22800 23560 
Number of columns needing recovery after selection: 319562
PruneColumn displacements: 0 760 1520 2280 3040 3800 4560 5320 6080 6840 7600 8360 9120 9880 10640 11400 12160 12920 13680 14440 15200 15960 16720 17480 18240 19000 19760 20520 21280 22040 22800 23560 
Multiwaymerge: inputNnz/mergedNnz = 6.89526
Number of columns needing recovery: 68634
Number of columns needing selection: 319610
PruneColumn displacements: 0 760 1520 2280 3040 3800 4560 5320 6080 6840 7600 8360 9120 9880 10640 11400 12160 12920 13680 14440 15200 15960 16720 17480 18240 19000 19760 20520 21280 22040 22800 23560 
Number of columns needing recovery after selection: 319610
PruneColumn displacements: 0 760 1520 2280 3040 3800 4560 5320 6080 6840 7600 8360 9120 9880 10640 11400 12160 12920 13680 14440 15200 15960 16720 17480 18240 19000 19760 20520 21280 22040 22800 23560 
Multiwaymerge: inputNnz/mergedNnz = 6.80286
Number of columns needing recovery: 68646
Number of columns needing selection: 319786
PruneColumn displacements: 0 760 1520 2280 3040 3800 4560 5320 6080 6840 7600 8360 9120 9880 10640 11400 12160 12920 13680 14440 15200 15960 16720 17480 18240 19000 19760 20520 21280 22040 22800 23560 
Number of columns needing recovery after selection: 319786
PruneColumn displacements: 0 760 1520 2280 3040 3800 4560 5320 6080 6840 7600 8360 9120 9880 10640 11400 12160 12920 13680 14440 15200 15960 16720 17480 18240 19000 19760 20520 21280 22040 22800 23560 
Multiwaymerge: inputNnz/mergedNnz = 6.74913
Number of columns needing recovery: 68671
Number of columns needing selection: 320750
PruneColumn displacements: 0 760 1520 2280 3040 3800 4560 5320 6080 6840 7600 8360 9120 9880 10640 11400 12160 12920 13680 14440 15200 15960 16720 17480 18240 19000 19760 20520 21280 22040 22800 23560 
Number of columns needing recovery after selection: 320750
PruneColumn displacements: 0 760 1520 2280 3040 3800 4560 5320 6080 6840 7600 8360 9120 9880 10640 11400 12160 12920 13680 14440 15200 15960 16720 17480 18240 19000 19760 20520 21280 22040 22800 23560 
Multiwaymerge: inputNnz/mergedNnz = 6.60232
Number of columns needing recovery: 68263
Number of columns needing selection: 320301
PruneColumn displacements: 0 760 1520 2280 3040 3800 4560 5320 6080 6840 7600 8360 9120 9880 10640 11400 12160 12920 13680 14440 15200 15960 16720 17480 18240 19000 19760 20520 21280 22040 22800 23560 
Number of columns needing recovery after selection: 320301
PruneColumn displacements: 0 760 1520 2280 3040 3800 4560 5320 6080 6840 7600 8360 9120 9880 10640 11400 12160 12920 13680 14440 15200 15960 16720 17480 18240 19000 19760 20520 21280 22040 22800 23560 
Multiwaymerge: inputNnz/mergedNnz = 6.79752
Number of columns needing recovery: 68567
Number of columns needing selection: 320060
PruneColumn displacements: 0 760 1520 2280 3040 3800 4560 5320 6080 6840 7600 8360 9120 9880 10640 11400 12160 12920 13680 14440 15200 15960 16720 17480 18240 19000 19760 20520 21280 22040 22800 23560 
Number of columns needing recovery after selection: 320060
PruneColumn displacements: 0 760 1520 2280 3040 3800 4560 5320 6080 6840 7600 8360 9120 9880 10640 11400 12160 12920 13680 14440 15200 15960 16720 17480 18240 19000 19760 20520 21280 22040 22800 23560 
Multiwaymerge: inputNnz/mergedNnz = 6.82614
Number of columns needing recovery: 68393
Number of columns needing selection: 319441
PruneColumn displacements: 0 760 1520 2280 3040 3800 4560 5320 6080 6840 7600 8360 9120 9880 10640 11400 12160 12920 13680 14440 15200 15960 16720 17480 18240 19000 19760 20520 21280 22040 22800 23560 
Number of columns needing recovery after selection: 319441
PruneColumn displacements: 0 760 1520 2280 3040 3800 4560 5320 6080 6840 7600 8360 9120 9880 10640 11400 12160 12920 13680 14440 15200 15960 16720 17480 18240 19000 19760 20520 21280 22040 22800 23560 
Multiwaymerge: inputNnz/mergedNnz = 6.66222
Number of columns needing recovery: 68833
Number of columns needing selection: 319234
PruneColumn displacements: 0 760 1520 2280 3040 3800 4560 5320 6080 6840 7600 8360 9120 9880 10640 11400 12160 12920 13680 14440 15200 15960 16720 17480 18240 19000 19760 20520 21280 22040 22800 23560 
Number of columns needing recovery after selection: 319234
PruneColumn displacements: 0 760 1520 2280 3040 3800 4560 5320 6080 6840 7600 8360 9120 9880 10640 11400 12160 12920 13680 14440 15200 15960 16720 17480 18240 19000 19760 20520 21280 22040 22800 23560 
Multiwaymerge: inputNnz/mergedNnz = 6.74669
Number of columns needing recovery: 68834
Number of columns needing selection: 320611
PruneColumn displacements: 0 760 1520 2280 3040 3800 4560 5320 6080 6840 7600 8360 9120 9880 10640 11400 12160 12920 13680 14440 15200 15960 16720 17480 18240 19000 19760 20520 21280 22040 22800 23560 
Number of columns needing recovery after selection: 320611
PruneColumn displacements: 0 760 1520 2280 3040 3800 4560 5320 6080 6840 7600 8360 9120 9880 10640 11400 12160 12920 13680 14440 15200 15960 16720 17480 18240 19000 19760 20520 21280 22040 22800 23560 
Multiwaymerge: inputNnz/mergedNnz = 6.736
Number of columns needing recovery: 68602
Number of columns needing selection: 319996
PruneColumn displacements: 0 760 1520 2280 3040 3800 4560 5320 6080 6840 7600 8360 9120 9880 10640 11400 12160 12920 13680 14440 15200 15960 16720 17480 18240 19000 19760 20520 21280 22040 22800 23560 
Number of columns needing recovery after selection: 319996
PruneColumn displacements: 0 760 1520 2280 3040 3800 4560 5320 6080 6840 7600 8360 9120 9880 10640 11400 12160 12920 13680 14440 15200 15960 16720 17480 18240 19000 19760 20520 21280 22040 22800 23560 
Multiwaymerge: inputNnz/mergedNnz = 6.71249
Number of columns needing recovery: 68884
Number of columns needing selection: 319160
PruneColumn displacements: 0 760 1520 2280 3040 3800 4560 5320 6080 6840 7600 8360 9120 9880 10640 11400 12160 12920 13680 14440 15200 15960 16720 17480 18240 19000 19760 20520 21280 22040 22800 23560 
Number of columns needing recovery after selection: 319160
PruneColumn displacements: 0 760 1520 2280 3040 3800 4560 5320 6080 6840 7600 8360 9120 9880 10640 11400 12160 12920 13680 14440 15200 15960 16720 17480 18240 19000 19760 20520 21280 22040 22800 23560 
Multiwaymerge: inputNnz/mergedNnz = 6.76185
Number of columns needing recovery: 68798
Number of columns needing selection: 320866
PruneColumn displacements: 0 760 1520 2280 3040 3800 4560 5320 6080 6840 7600 8360 9120 9880 10640 11400 12160 12920 13680 14440 15200 15960 16720 17480 18240 19000 19760 20520 21280 22040 22800 23560 
Number of columns needing recovery after selection: 320866
PruneColumn displacements: 0 760 1520 2280 3040 3800 4560 5320 6080 6840 7600 8360 9120 9880 10640 11400 12160 12920 13680 14440 15200 15960 16720 17480 18240 19000 19760 20520 21280 22040 22800 23560 
Multiwaymerge: inputNnz/mergedNnz = 6.71271
Number of columns needing recovery: 68923
Number of columns needing selection: 318861
PruneColumn displacements: 0 760 1520 2280 3040 3800 4560 5320 6080 6840 7600 8360 9120 9880 10640 11400 12160 12920 13680 14440 15200 15960 16720 17480 18240 19000 19760 20520 21280 22040 22800 23560 
Number of columns needing recovery after selection: 318861
PruneColumn displacements: 0 760 1520 2280 3040 3800 4560 5320 6080 6840 7600 8360 9120 9880 10640 11400 12160 12920 13680 14440 15200 15960 16720 17480 18240 19000 19760 20520 21280 22040 22800 23560 
Multiwaymerge: inputNnz/mergedNnz = 6.70883
Number of columns needing recovery: 68624
Number of columns needing selection: 320178
PruneColumn displacements: 0 760 1520 2280 3040 3800 4560 5320 6080 6840 7600 8360 9120 9880 10640 11400 12160 12920 13680 14440 15200 15960 16720 17480 18240 19000 19760 20520 21280 22040 22800 23560 
Number of columns needing recovery after selection: 320178
PruneColumn displacements: 0 760 1520 2280 3040 3800 4560 5320 6080 6840 7600 8360 9120 9880 10640 11400 12160 12920 13680 14440 15200 15960 16720 17480 18240 19000 19760 20520 21280 22040 22800 23560 
Multiwaymerge: inputNnz/mergedNnz = 6.6209
Number of columns needing recovery: 68968
Number of columns needing selection: 320937
PruneColumn displacements: 0 760 1520 2280 3040 3800 4560 5320 6080 6840 7600 8360 9120 9880 10640 11400 12160 12920 13680 14440 15200 15960 16720 17480 18240 19000 19760 20520 21280 22040 22800 23560 
Number of columns needing recovery after selection: 320937
PruneColumn displacements: 0 760 1520 2280 3040 3800 4560 5320 6080 6840 7600 8360 9120 9880 10640 11400 12160 12920 13680 14440 15200 15960 16720 17480 18240 19000 19760 20520 21280 22040 22800 23560 
Multiwaymerge: inputNnz/mergedNnz = 6.82101
Number of columns needing recovery: 68861
Number of columns needing selection: 320218
PruneColumn displacements: 0 760 1520 2280 3040 3800 4560 5320 6080 6840 7600 8360 9120 9880 10640 11400 12160 12920 13680 14440 15200 15960 16720 17480 18240 19000 19760 20520 21280 22040 22800 23560 
Number of columns needing recovery after selection: 320218
PruneColumn displacements: 0 760 1520 2280 3040 3800 4560 5320 6080 6840 7600 8360 9120 9880 10640 11400 12160 12920 13680 14440 15200 15960 16720 17480 18240 19000 19760 20520 21280 22040 22800 23560 
Multiwaymerge: inputNnz/mergedNnz = 6.62013
Number of columns needing recovery: 68988
Number of columns needing selection: 319749
PruneColumn displacements: 0 760 1520 2280 3040 3800 4560 5320 6080 6840 7600 8360 9120 9880 10640 11400 12160 12920 13680 14440 15200 15960 16720 17480 18240 19000 19760 20520 21280 22040 22800 23560 
Number of columns needing recovery after selection: 319749
PruneColumn displacements: 0 760 1520 2280 3040 3800 4560 5320 6080 6840 7600 8360 9120 9880 10640 11400 12160 12920 13680 14440 15200 15960 16720 17480 18240 19000 19760 20520 21280 22040 22800 23560 
Multiwaymerge: inputNnz/mergedNnz = 6.723
Number of columns needing recovery: 68468
Number of columns needing selection: 319940
PruneColumn displacements: 0 760 1520 2280 3040 3800 4560 5320 6080 6840 7600 8360 9120 9880 10640 11400 12160 12920 13680 14440 15200 15960 16720 17480 18240 19000 19760 20520 21280 22040 22800 23560 
Number of columns needing recovery after selection: 319940
PruneColumn displacements: 0 760 1520 2280 3040 3800 4560 5320 6080 6840 7600 8360 9120 9880 10640 11400 12160 12920 13680 14440 15200 15960 16720 17480 18240 19000 19760 20520 21280 22040 22800 23560 
Multiwaymerge: inputNnz/mergedNnz = 6.74828
Number of columns needing recovery: 68784
Number of columns needing selection: 319623
PruneColumn displacements: 0 760 1520 2280 3040 3800 4560 5320 6080 6840 7600 8360 9120 9880 10640 11400 12160 12920 13680 14440 15200 15960 16720 17480 18240 19000 19760 20520 21280 22040 22800 23560 
Number of columns needing recovery after selection: 319623
PruneColumn displacements: 0 760 1520 2280 3040 3800 4560 5320 6080 6840 7600 8360 9120 9880 10640 11400 12160 12920 13680 14440 15200 15960 16720 17480 18240 19000 19760 20520 21280 22040 22800 23560 
Multiwaymerge: inputNnz/mergedNnz = 6.71686
Number of columns needing recovery: 68489
Number of columns needing selection: 319508
PruneColumn displacements: 0 760 1520 2280 3040 3800 4560 5320 6080 6840 7600 8360 9120 9880 10640 11400 12160 12920 13680 14440 15200 15960 16720 17480 18240 19000 19760 20520 21280 22040 22800 23560 
Number of columns needing recovery after selection: 319508
PruneColumn displacements: 0 760 1520 2280 3040 3800 4560 5320 6080 6840 7600 8360 9120 9880 10640 11400 12160 12920 13680 14440 15200 15960 16720 17480 18240 19000 19760 20520 21280 22040 22800 23560 
Multiwaymerge: inputNnz/mergedNnz = 6.75288
Number of columns needing recovery: 68757
Number of columns needing selection: 320390
PruneColumn displacements: 0 760 1520 2280 3040 3800 4560 5320 6080 6840 7600 8360 9120 9880 10640 11400 12160 12920 13680 14440 15200 15960 16720 17480 18240 19000 19760 20520 21280 22040 22800 23560 
Number of columns needing recovery after selection: 320390
PruneColumn displacements: 0 760 1520 2280 3040 3800 4560 5320 6080 6840 7600 8360 9120 9880 10640 11400 12160 12920 13680 14440 15200 15960 16720 17480 18240 19000 19760 20520 21280 22040 22800 23560 
Multiwaymerge: inputNnz/mergedNnz = 6.64273
Number of columns needing recovery: 68910
Number of columns needing selection: 320073
PruneColumn displacements: 0 760 1520 2280 3040 3800 4560 5320 6080 6840 7600 8360 9120 9880 10640 11400 12160 12920 13680 14440 15200 15960 16720 17480 18240 19000 19760 20520 21280 22040 22800 23560 
Number of columns needing recovery after selection: 320073
PruneColumn displacements: 0 760 1520 2280 3040 3800 4560 5320 6080 6840 7600 8360 9120 9880 10640 11400 12160 12920 13680 14440 15200 15960 16720 17480 18240 19000 19760 20520 21280 22040 22800 23560 
Multiwaymerge: inputNnz/mergedNnz = 6.70558
Number of columns needing recovery: 69028
Number of columns needing selection: 319077
PruneColumn displacements: 0 760 1520 2280 3040 3800 4560 5320 6080 6840 7600 8360 9120 9880 10640 11400 12160 12920 13680 14440 15200 15960 16720 17480 18240 19000 19760 20520 21280 22040 22800 23560 
Number of columns needing recovery after selection: 319077
PruneColumn displacements: 0 760 1520 2280 3040 3800 4560 5320 6080 6840 7600 8360 9120 9880 10640 11400 12160 12920 13680 14440 15200 15960 16720 17480 18240 19000 19760 20520 21280 22040 22800 23560 
Multiwaymerge: inputNnz/mergedNnz = 6.70915
Number of columns needing recovery: 68724
Number of columns needing selection: 320143
PruneColumn displacements: 0 760 1520 2280 3040 3800 4560 5320 6080 6840 7600 8360 9120 9880 10640 11400 12160 12920 13680 14440 15200 15960 16720 17480 18240 19000 19760 20520 21280 22040 22800 23560 
Number of columns needing recovery after selection: 320143
PruneColumn displacements: 0 760 1520 2280 3040 3800 4560 5320 6080 6840 7600 8360 9120 9880 10640 11400 12160 12920 13680 14440 15200 15960 16720 17480 18240 19000 19760 20520 21280 22040 22800 23560 
Multiwaymerge: inputNnz/mergedNnz = 6.76146
Number of columns needing recovery: 68318
Number of columns needing selection: 320369
PruneColumn displacements: 0 760 1520 2280 3040 3800 4560 5320 6080 6840 7600 8360 9120 9880 10640 11400 12160 12920 13680 14440 15200 15960 16720 17480 18240 19000 19760 20520 21280 22040 22800 23560 
Number of columns needing recovery after selection: 320369
PruneColumn displacements: 0 760 1520 2280 3040 3800 4560 5320 6080 6840 7600 8360 9120 9880 10640 11400 12160 12920 13680 14440 15200 15960 16720 17480 18240 19000 19760 20520 21280 22040 22800 23560 
Multiwaymerge: inputNnz/mergedNnz = 6.6534
Number of columns needing recovery: 68803
Number of columns needing selection: 320261
PruneColumn displacements: 0 760 1520 2280 3040 3800 4560 5320 6080 6840 7600 8360 9120 9880 10640 11400 12160 12920 13680 14440 15200 15960 16720 17480 18240 19000 19760 20520 21280 22040 22800 23560 
Number of columns needing recovery after selection: 320261
PruneColumn displacements: 0 760 1520 2280 3040 3800 4560 5320 6080 6840 7600 8360 9120 9880 10640 11400 12160 12920 13680 14440 15200 15960 16720 17480 18240 19000 19760 20520 21280 22040 22800 23560 
Multiwaymerge: inputNnz/mergedNnz = 6.7664
Number of columns needing recovery: 68710
Number of columns needing selection: 319979
PruneColumn displacements: 0 760 1520 2280 3040 3800 4560 5320 6080 6840 7600 8360 9120 9880 10640 11400 12160 12920 13680 14440 15200 15960 16720 17480 18240 19000 19760 20520 21280 22040 22800 23560 
Number of columns needing recovery after selection: 319979
PruneColumn displacements: 0 760 1520 2280 3040 3800 4560 5320 6080 6840 7600 8360 9120 9880 10640 11400 12160 12920 13680 14440 15200 15960 16720 17480 18240 19000 19760 20520 21280 22040 22800 23560 
Multiwaymerge: inputNnz/mergedNnz = 6.65991
Number of columns needing recovery: 68732
Number of columns needing selection: 319730
PruneColumn displacements: 0 760 1520 2280 3040 3800 4560 5320 6080 6840 7600 8360 9120 9880 10640 11400 12160 12920 13680 14440 15200 15960 16720 17480 18240 19000 19760 20520 21280 22040 22800 23560 
Number of columns needing recovery after selection: 319730
PruneColumn displacements: 0 760 1520 2280 3040 3800 4560 5320 6080 6840 7600 8360 9120 9880 10640 11400 12160 12920 13680 14440 15200 15960 16720 17480 18240 19000 19760 20520 21280 22040 22800 23560 
Multiwaymerge: inputNnz/mergedNnz = 6.7382
Number of columns needing recovery: 68952
Number of columns needing selection: 320110
PruneColumn displacements: 0 760 1520 2280 3040 3800 4560 5320 6080 6840 7600 8360 9120 9880 10640 11400 12160 12920 13680 14440 15200 15960 16720 17480 18240 19000 19760 20520 21280 22040 22800 23560 
Number of columns needing recovery after selection: 320110
PruneColumn displacements: 0 760 1520 2280 3040 3800 4560 5320 6080 6840 7600 8360 9120 9880 10640 11400 12160 12920 13680 14440 15200 15960 16720 17480 18240 19000 19760 20520 21280 22040 22800 23560 
Multiwaymerge: inputNnz/mergedNnz = 6.66019
Number of columns needing recovery:Rank 402 [Tue Mar 14 05:07:18 2017] [c5-2c1s10n0] Fatal error in MPI_Recv: Invalid count, error stack:
MPI_Recv(212): MPI_Recv(buf=0x2ab0443f3010, count=-1336706, MPI_DOUBLE, src=13, tag=1, comm=0x84000007, status=0x1) failed
MPI_Recv(116): Negative count, value is -1336706
Rank 434 [Tue Mar 14 05:07:18 2017] [c5-2c2s2n0] Fatal error in MPI_Send: Invalid count, error stack:
MPI_Send(186): MPI_Send(buf=0x2ab044000010, count=-1336706, MPI_DOUBLE, dest=12, tag=1, comm=0x84000007) failed
MPI_Send(109): Negative count, value is -1336706
srun: error: nid04168: task 434: Aborted
srun: Terminating job step 4328010.0
slurmstepd: error: *** STEP 4328010.0 ON nid00937 CANCELLED AT 2017-03-14T05:07:24 ***
srun: Job step aborted: Waiting up to 32 seconds for job step to finish.
srun: error: nid04136: task 402: Aborted
srun: error: nid03351: task 172: Killed
srun: error: nid04330: task 527: Killed
srun: error: nid03875: task 272: Killed
srun: error: nid05769: task 1015: Killed
srun: error: nid05665: task 915: Killed
srun: error: nid03070: task 96: Killed
srun: error: nid03330: task 151: Killed
srun: error: nid05677: task 927: Killed
srun: error: nid05644: task 894: Killed
srun: error: nid05689: task 939: Killed
srun: error: nid05622: task 872: Killed
srun: error: nid04342: task 539: Killed
srun: error: nid02206: task 51: Killed
srun: error: nid05744: task 994: Killed
srun: error: nid03058: task 84: Killed
srun: error: nid05577: task 827: Killed
srun: error: nid00954: task 17: Killed
srun: error: nid03095: task 117: Killed
srun: error: nid03996: task 339: Killed
srun: error: nid05588: task 838: Killed
srun: error: nid04453: task 650: Killed
srun: error: nid00970: task 29: Killed
srun: error: nid04353: task 550: Killed
srun: error: nid05492: task 760: Killed
srun: error: nid05555: task 805: Killed
srun: error: nid03763: task 239: Killed
srun: error: nid05722: task 972: Killed
srun: error: nid05745: task 995: Killed
srun: error: nid04206: task 472: Killed
srun: error: nid05567: task 817: Killed
srun: error: nid05589: task 839: Killed
srun: error: nid03865: task 262: Killed
srun: error: nid05025: task 684: Killed
srun: error: nid04517: task 672: Killed
srun: error: nid05544: task 794: Killed
srun: error: nid03521: task 184: Killed
srun: error: nid03720: task 196: Killed
srun: error: nid04309: task 506: Killed
srun: error: nid05471: task 739: Killed
srun: error: nid04505: task 660: Killed
srun: error: nid04332: task 529: Killed
srun: error: nid04106: task 372: Killed
srun: error: nid03775: task 251: Killed
srun: error: nid03974: task 317: Killed
srun: error: nid03887: task 284: Killed
srun: error: nid03036: task 62: Killed
srun: error: nid05522: task 772: Killed
srun: error: nid04008: task 351: Killed
srun: error: nid04007: task 350: Killed
srun: error: nid04151: task 417: Killed
srun: error: nid04173: task 439: Killed
srun: error: nid05325: task 727: Killed
srun: error: nid05755: task 1005: Killed
srun: error: nid05610: task 860: Killed
srun: error: nid00944: task 7: Killed
srun: error: nid04442: task 639: Killed
srun: error: nid04108: task 374: Killed
srun: error: nid04430: task 627: Killed
srun: error: nid04408: task 605: Killed
srun: error: nid04298: task 495: Killed
srun: error: nid04375: task 572: Killed
srun: error: nid03097: task 119: Killed
srun: error: nid05534: task 784: Killed
srun: error: nid05771: task 1017: Killed
srun: error: nid03741: task 217: Killed
srun: error: nid05612: task 862: Killed
srun: error: nid04283: task 484: Killed
srun: error: nid04409: task 606: Killed
srun: error: nid05770: task 1016: Killed
srun: error: nid05633: task 883: Killed
srun: error: nid04365: task 562: Killed
srun: error: nid04443: task 640: Killed
srun: error: nid05688: task 938: Killed
srun: error: nid03353: task 174: Killed
srun: error: nid00956: task 19: Killed
srun: error: nid04320: task 517: Killed
srun: error: nid03877: task 274: Killed
srun: error: nid04387: task 584: Killed
srun: error: nid05678: task 928: Killed
srun: error: nid03721: task 197: Killed
srun: error: nid04118: task 384: Killed
srun: error: nid05667: task 917: Killed
srun: error: nid04507: task 662: Killed
srun: error: nid04308: task 505: Killed
srun: error: nid03118: task 140: Killed
srun: error: nid04129: task 395: Killed
srun: error: nid05036: task 695: Killed
srun: error: nid03059: task 85: Killed
srun: error: nid05700: task 950: Killed
srun: error: nid04331: task 528: Killed
srun: error: nid05710: task 960: Killed
srun: error: nid05645: task 895: Killed
srun: error: nid03107: task 129: Killed
srun: error: nid00982: task 41: Killed
srun: error: nid03986: task 329: Killed
srun: error: nid05600: task 850: Killed
srun: error: nid03753: task 229: Killed
srun: error: nid04107: task 373: Killed
srun: error: nid04184: task 450: Killed
srun: error: nid04096: task 362: Killed
srun: error: nid02207: task 52: Killed
srun: error: nid05315: task 717: Killed
srun: error: nid05024: task 683: Killed
srun: error: nid05303: task 705: Killed
srun: error: nid05482: task 750: Killed
srun: error: nid04420: task 617: Killed
srun: error: nid03997: task 340: Killed
srun: error: nid05655: task 905: Killed
srun: error: nid03536: task 195: Killed
srun: error: nid05523: task 773: Killed
srun: error: nid05590: task 840: Killed
srun: error: nid05623: task 873: Killed
