Process Grid (p x p x t): 16 x 16 x 24
filename: /global/cscratch1/sd/azad/mclFiles/Renamed_alignments_isolates_only_30_correct_copy.txtInflation: 2.000000
Cutoff:0.000100
Selection Number:1100
Recovery Number:1400
Recovery Percentage:0.900000
Base of MM (1 or 0):0
Randomly permute the matrix? (1 or 0):1
Number of SpGEMM phases:20
Running HipMCL with... 
Inflation: 2
Prunelimit: 0.0001
Recover number: 1400
Recover percent: 0.9
Selection number: 1100 in 20 phases 
COMBBLAS Warning: It is dangerous to create (matrix) objects without specifying the communicator, are you sure you want to create this object in MPI_COMM_WORLD?
Matrix is Float
Matrix is symmetric
Total number of nonzeros expected across all processors is 7325674843
File is 178633004090 bytes
Reading finished. Total number of entries read across all processors is 7325674843
Packing to recepients finished, about to send...
57171236 57149517 57075253 57125413 57122450 57111430 57126489 57198856 57190796 57167002 57267801 57266820 57230726 57306376 57417746 57388192 57149517 57094384 57018996 57081648 57094521 57057284 57097591 57152474 57154667 57144500 57235269 57214255 57198508 57276069 57387931 57348145 57075253 57018996 56955220 57008110 57029285 56989214 57007392 57098874 57078374 57056696 57158369 57131695 57136842 57194625 57306189 57289879 57125413 57081648 57008110 57041198 57078910 57029434 57062110 57137745 57132191 57097171 57203240 57199323 57186744 57243931 57376010 57327185 57122450 57094521 57029285 57078910 57045212 57045266 57097269 57141936 57132033 57082801 57213431 57209509 57193063 57232208 57379933 57328822 57111430 57057284 56989214 57029434 57045266 57020982 57049557 57114297 57101264 57085986 57178291 57195424 57157504 57233850 57353777 57306577 57126489 57097591 57007392 57062110 57097269 57049557 57078598 57147725 57130334 57122305 57222895 57216411 57192405 57247326 57364886 57317882 57198856 57152474 57098874 57137745 57141936 57114297 57147725 57167194 57199716 57166269 57290375 57271766 57248373 57310608 57436669 57400259 57190796 57154667 57078374 57132191 57132033 57101264 57130334 57199716 57199648 57177038 57278133 57270080 57245042 57301059 57427100 57376561 57167002 57144500 57056696 57097171 57082801 57085986 57122305 57166269 57177038 57151858 57257815 57253294 57225182 57289857 57410044 57371022 57267801 57235269 57158369 57203240 57213431 57178291 57222895 57290375 57278133 57257815 57373794 57348279 57334017 57400735 57504040 57472002 57266820 57214255 57131695 57199323 57209509 57195424 57216411 57271766 57270080 57253294 57348279 57328830 57332570 57382842 57510097 57457602 57230726 57198508 57136842 57186744 57193063 57157504 57192405 57248373 57245042 57225182 57334017 57332570 57290692 57353925 57501305 57435671 57306376 57276069 57194625 57243931 57232208 57233850 57247326 57310608 57301059 57289857 57400735 57382842 57353925 57421628 57549853 57495913 57417746 57387931 57306189 57376010 57379933 57353777 57364886 57436669 57427100 57410044 57504040 57510097 57501305 57549853 57689052 57622158 57388192 57348145 57289879 57327185 57328822 57306577 57317882 57400259 57376561 57371022 57472002 57457602 57435671 57495913 57622158 57561330 
File Read time: 119.54
Removed isolated vertices.
Applied symmetric permutation.
Load balance: 1.0031
Nonzeros: 10185395802
Adjusted loops according to default mcl parameters
Made stochastic
Multiwaymerge: inputNnz/mergedNnz = 4.89286
Number of columns needing recovery: 205649
Number of columns needing selection: 960866
PruneColumn displacements: 0 9126 18252 27378 36504 45630 54756 63882 73008 82134 91260 100386 109512 118638 127764 136890 
Number of columns needing recovery after selection: 960866
PruneColumn displacements: 0 9126 18252 27378 36504 45630 54756 63882 73008 82134 91260 100386 109512 118638 127764 136890 
Multiwaymerge: inputNnz/mergedNnz = 4.8825
Number of columns needing recovery: 206517
Number of columns needing selection: 959559
PruneColumn displacements: 0 9126 18252 27378 36504 45630 54756 63882 73008 82134 91260 100386 109512 118638 127764 136890 
Number of columns needing recovery after selection: 959559
PruneColumn displacements: 0 9126 18252 27378 36504 45630 54756 63882 73008 82134 91260 100386 109512 118638 127764 136890 
Multiwaymerge: inputNnz/mergedNnz = 4.87595
Number of columns needing recovery: 206007
Number of columns needing selection: 960328
PruneColumn displacements: 0 9126 18252 27378 36504 45630 54756 63882 73008 82134 91260 100386 109512 118638 127764 136890 
Number of columns needing recovery after selection: 960328
PruneColumn displacements: 0 9126 18252 27378 36504 45630 54756 63882 73008 82134 91260 100386 109512 118638 127764 136890 
Multiwaymerge: inputNnz/mergedNnz = 4.87973
Number of columns needing recovery: 205842
Number of columns needing selection: 959224
PruneColumn displacements: 0 9126 18252 27378 36504 45630 54756 63882 73008 82134 91260 100386 109512 118638 127764 136890 
Number of columns needing recovery after selection: 959224
PruneColumn displacements: 0 9126 18252 27378 36504 45630 54756 63882 73008 82134 91260 100386 109512 118638 127764 136890 
Multiwaymerge: inputNnz/mergedNnz = 4.89153
Number of columns needing recovery: 206411
Number of columns needing selection: 959708
PruneColumn displacements: 0 9126 18252 27378 36504 45630 54756 63882 73008 82134 91260 100386 109512 118638 127764 136890 
Number of columns needing recovery after selection: 959708
PruneColumn displacements: 0 9126 18252 27378 36504 45630 54756 63882 73008 82134 91260 100386 109512 118638 127764 136890 
Multiwaymerge: inputNnz/mergedNnz = 4.87398
Number of columns needing recovery: 206085
Number of columns needing selection: 960133
PruneColumn displacements: 0 9126 18252 27378 36504 45630 54756 63882 73008 82134 91260 100386 109512 118638 127764 136890 
Number of columns needing recovery after selection: 960133
PruneColumn displacements: 0 9126 18252 27378 36504 45630 54756 63882 73008 82134 91260 100386 109512 118638 127764 136890 
Multiwaymerge: inputNnz/mergedNnz = 4.85913
Number of columns needing recovery: 205386
Number of columns needing selection: 959945
PruneColumn displacements: 0 9126 18252 27378 36504 45630 54756 63882 73008 82134 91260 100386 109512 118638 127764 136890 
Number of columns needing recovery after selection: 959945
PruneColumn displacements: 0 9126 18252 27378 36504 45630 54756 63882 73008 82134 91260 100386 109512 118638 127764 136890 
Multiwaymerge: inputNnz/mergedNnz = 4.87289
Number of columns needing recovery: 205936
Number of columns needing selection: 960006
PruneColumn displacements: 0 9126 18252 27378 36504 45630 54756 63882 73008 82134 91260 100386 109512 118638 127764 136890 
Number of columns needing recovery after selection: 960006
PruneColumn displacements: 0 9126 18252 27378 36504 45630 54756 63882 73008 82134 91260 100386 109512 118638 127764 136890 
Multiwaymerge: inputNnz/mergedNnz = 4.89435
Number of columns needing recovery: 205974
Number of columns needing selection: 959701
PruneColumn displacements: 0 9126 18252 27378 36504 45630 54756 63882 73008 82134 91260 100386 109512 118638 127764 136890 
Number of columns needing recovery after selection: 959701
PruneColumn displacements: 0 9126 18252 27378 36504 45630 54756 63882 73008 82134 91260 slurmstepd: error: *** STEP 4285601.0 ON nid00294 CANCELLED AT 2017-03-07T23:33:39 DUE TO TIME LIMIT ***
slurmstepd: error: *** JOB 4285601 ON nid00294 CANCELLED AT 2017-03-07T23:33:39 DUE TO TIME LIMIT ***
srun: Job step aborted: Waiting up to 32 seconds for job step to finish.
srun: got SIGCONT
srun: forcing job termination
